,btc_high,btc_close,btc_volume,btc_market_cap,bch_avg_block_size,bch_transactions,bch_mining_revenue,bch_accounts,sp_close,dj_close,google_trends_bitcoin
0,0.3038462416398457,0.3120220644151723,0.15758967397232757,0.32524934784222714,0.8094914709509022,0.48486487383247345,0.20818557597675277,1.0,0.7747781937512528,0.8250615061862947,0.03724212183747852
1,0.3108772677354476,0.31193634894975036,0.1751775803804287,0.32512272917984875,0.8094914709509022,0.48486487383247345,0.20087073790070784,0.998593046895321,0.7372171444698274,0.7864052965622992,0.038824182595324275
2,0.31081031041313173,0.3199726964883315,0.14348314919606805,0.33339527578934525,0.7069857987067252,0.36539973787680213,0.19486527490413996,0.9978791321501157,0.753047602511324,0.8083775378078542,0.02774975729040394
3,0.3110705309157682,0.31965858066687675,0.14130193131961627,0.33303567734248507,0.7069857987067252,0.36539973787680213,0.20654749113516024,0.9963876440949289,0.753047602511324,0.8083775378078542,0.030913878806095463
4,0.31060791668885895,0.31936432574594664,0.137639971388415,0.3326971784920672,0.8851249972566584,0.43458035403221795,0.19736204683427636,0.9950116143939673,0.753047602511324,0.8083775378078542,0.03566006107963275
5,0.3109305292418351,0.3194448146585989,0.1344693524112854,0.332744571576985,0.8851249972566584,0.43458035403221795,0.16096037959521203,0.993774225305943,0.7956012938009929,0.8349028457585039,0.03566006107963275
6,0.31181010497589284,0.32046660572506136,0.14262141275354226,0.3337655480897779,0.7339304801044102,0.43081108880667585,0.2236848257485442,0.9925112657336199,0.7506967681900738,0.7989856463413523,0.03724212183747852
7,0.3109995155739181,0.31941606861836597,0.15486210175292936,0.3326518175348915,0.7339304801044102,0.43081108880667585,0.22588543809427353,0.9913206529260519,0.8274800520915457,0.8534267532498421,0.03724212183747852
8,0.3129164225514291,0.3200129409446576,0.15304414022286394,0.3332294824236389,0.5746018793359702,0.2915938085837052,0.20005918782060572,0.9901059108047978,0.8412681563335846,0.8647070262904404,0.03566006107963275
9,0.3135545461231964,0.31976154375643845,0.13543775603529346,0.33293008807223246,0.5746018793359702,0.2915938085837052,0.20662237913439366,0.9888742863992241,0.8520700716164566,0.8760722922413013,0.030913878806095463
10,0.31057900329967714,0.32011903996588104,0.14070896257846305,0.3332648260042675,0.8597977193285036,0.43201552831096435,0.20543793644246852,0.9874387981164148,0.8520700716164566,0.8760722922413013,0.029331818048249702
11,0.31037407331319544,0.31887616571726335,0.14909703455848766,0.3319453216101167,0.8597977193285036,0.43201552831096435,0.20197211928376488,0.9863000674509022,0.8520700716164566,0.8760722922413013,0.038824182595324275
12,0.3141206398482301,0.3194667661802314,0.1635941124008042,0.33251933484638496,0.9053158044319416,0.4537020754184846,0.20301273630753097,0.9849819728085694,0.8529777844162156,0.8702619950179462,0.03724212183747852
13,0.31582855881972505,0.32300618771582396,0.1704955630326118,0.33613949146240735,0.9053158044319416,0.4537020754184846,0.1983541521105742,0.983912171274645,0.8896765508597841,0.8995621640943778,0.038824182595324275
14,0.3195000519933753,0.32570727018716805,0.1699235917681283,0.33889446681923935,0.7507844176341298,0.4755445692386814,0.23575295923119516,0.9827174820130584,0.8903209914900816,0.907776571476939,0.04040624335317003
15,0.33428493891412475,0.3257297443640775,0.30833769812640294,0.33888298786520643,0.7507844176341298,0.4755445692386814,0.1562119339249446,0.9812321292270512,0.8366480400129377,0.8587204474754306,0.04831654714239883
16,0.3037559507052077,0.3097568764448152,0.128370425337795,0.3223492359174198,0.6309970076771318,0.2703319674170911,0.19564563098236976,0.9804705734990218,0.8514799253308714,0.8667288432359983,0.03407800032178698
17,0.3009812798486359,0.3094986847379955,0.1274763527811978,0.32205499320025655,0.6309970076771318,0.2703319674170911,0.18279472701189,0.9797647704855506,0.8514799253308714,0.8667288432359983,0.03407800032178698
18,0.30199527747976695,0.3089023350669809,0.15769046186034227,0.32140512848647823,0.717172914483919,0.46068649733729283,0.22272928062407524,0.9783805467002484,0.8514799253308714,0.8667288432359983,0.04357036486886155
19,0.31509456453646,0.30794378528903094,0.21640528592238112,0.32038348535354455,0.717172914483919,0.46068649733729283,0.21091032183231562,0.9774599680891884,0.8162971899574076,0.8410165641738445,0.056226850931627645
20,0.31781090136222645,0.3251543009041413,0.15786474091670105,0.3381067204321194,0.7839815455133006,0.3724107039169169,0.1909251422409397,0.9759706623780724,0.868318042088311,0.8898972809963548,0.0419883041110158
21,0.3188822185192794,0.3281391851908763,0.14917850476796624,0.34115004008498034,0.7839815455133006,0.3724107039169169,0.19875107386998886,0.9751594480283612,0.9542422775436044,0.9643792264735775,0.03724212183747852
22,0.3195746181023179,0.32864041160148366,0.16591979291674375,0.34163335630363556,0.5868436560043442,0.31888780131725203,0.2072986332004032,0.9743149220493461,0.9579546810644928,0.9694121708448435,0.03724212183747852
23,0.3178717716552408,0.32606476639661064,0.13766432846135188,0.33894173435817915,0.5868436560043442,0.31888780131725203,0.1819136079690957,0.972805069362924,0.9589895977575771,0.9658548852735616,0.02774975729040394
24,0.31721487974312734,0.32529959907113704,0.13569518509926437,0.3381153277972109,0.7791415591754067,0.40179836421852444,0.18984313747158496,0.9714995334930727,0.9589895977575771,0.9658548852735616,0.03249593956394123
25,0.31696531154176844,0.32708551215251913,0.15298702708632228,0.3399257796995985,0.7791415591754067,0.40179836421852444,0.2207287573878634,0.9705501314697598,0.9589895977575771,0.9658548852735616,0.03724212183747852
26,0.3159350818325002,0.32469227363930614,0.15999640474821228,0.3374229561547735,0.5961234224373007,0.3937820395839209,0.20995098484643365,0.9691317725290893,0.9735493465232397,0.9820105335246312,0.038824182595324275
27,0.3143194828054104,0.3208193980370113,0.1620499579665121,0.33339078822388796,0.5961234224373007,0.3937820395839209,0.20118539874593527,0.9683736756105303,0.9952435937936466,0.9999999999999998,0.03724212183747852
28,0.316367768165344,0.32361612642403964,0.16591139392607585,0.33623816864792205,0.6237922536155498,0.3954974534233622,0.23471130034024418,0.9674250971132816,0.9933554802550857,0.9951244499069973,0.038824182595324275
29,0.31847083678899063,0.32536806691241915,0.16682310436307562,0.33801018077739303,0.6237922536155498,0.3954974534233622,0.241865711698447,0.9659860676683956,0.994408568932931,0.9841353562811859,0.03724212183747852
30,0.3179879324644099,0.32724648997782374,0.16687811775195033,0.33990632459316633,0.3838587081381428,0.3142691242098976,0.2234330715962474,0.9652189943157348,0.9847776386192795,0.9668630830671037,0.03249593956394123
31,0.31795343929836845,0.32601302352419137,0.18205551383836618,0.33859270542724607,0.3838587081381428,0.3142691242098976,0.2325315489312432,0.963875905657348,0.9847776386192795,0.9668630830671037,0.03249593956394123
32,0.32515287320464337,0.3282170608271438,0.20938330977448927,0.34082551251971327,0.652992616916676,0.41496093037145176,0.2093948563665189,0.9629791681258519,0.9847776386192795,0.9668630830671037,0.04357036486886155
33,0.3214534811466949,0.3299219623405967,0.19226532689425677,0.34254285644259036,0.652992616916676,0.41496093037145176,0.2004618630946279,0.9618433198015648,0.98479581060404,0.9652172635640637,0.0419883041110158
34,0.31505246258379177,0.32042270268179646,0.18514676235368416,0.33271585449133034,0.49356121187690927,0.42633176833618125,0.24456842815716773,0.9604754841849437,0.9775068502288287,0.9603238754528582,0.04515242562670732
35,0.3159518211630791,0.31788625662269565,0.19727826447438865,0.33006699039203735,0.49356121187690927,0.42633176833618125,0.21988901401406935,0.9592173422400971,0.9862118957579606,0.969898519164677,0.0419883041110158
36,0.3215275400031957,0.3256706843177807,0.17422849443495678,0.3380451153250445,0.32853618759744907,0.2544784909667037,0.2255011013482302,0.9582726343153511,0.9896703347113385,0.9761519687226088,0.0419883041110158
37,0.3241951805945506,0.3316927184189469,0.17507637254288058,0.3442111303643444,0.32853618759744907,0.2544784909667037,0.23401278649883234,0.9574913139617767,0.9990195992611981,0.9923989056550713,0.03724212183747852
38,0.3266507896652388,0.3322859321582997,0.1881855171773278,0.3447827361402084,0.851230290155301,0.4958043698259701,0.21589613663202578,0.9562226308833062,0.9990195992611981,0.9923989056550713,0.04040624335317003
39,0.3256246179755048,0.33296381605252057,0.27311107141665997,0.3454406420238819,0.851230290155301,0.4958043698259701,0.22155741652009583,0.9552454348553205,0.9990195992611981,0.9923989056550713,0.0498986079002446
40,0.3121788775010716,0.3217120932500639,0.18140123246533732,0.33381488119198194,0.5466067953216771,0.42276158402043895,0.221370332854403,0.9540119163397989,1.0,0.984651959278952,0.04357036486886155
41,0.30808027777143715,0.31538116988021264,0.18489647243178095,0.3272561399909898,0.5466067953216771,0.42276158402043895,0.1990616382224816,0.9527993977389186,0.9793041038435852,0.9621576936771568,0.04357036486886155
42,0.3048196590756339,0.31395745690576576,0.1743452404052405,0.3257513383903942,0.6978609614002871,0.3866449889675996,0.1917302323346143,0.9513893975878016,0.9760001267606739,0.9479388694613828,0.04515242562670732
43,0.3127343189248277,0.30924833286033027,0.16303557952138933,0.32086806988532646,0.6978609614002871,0.3866449889675996,0.19999034961099824,0.9504447720156619,0.9619214923720323,0.9313881615718722,0.04515242562670732
44,0.31294330693084377,0.32158195208610013,0.1362826944964835,0.3335321357400414,0.5252425969524326,0.29015379000282027,0.20314793886332022,0.949484087685267,0.9766082234214499,0.9396751452049659,0.03724212183747852
45,0.31382541892711036,0.3229419011167575,0.13387092432619804,0.33489646390498407,0.5252425969524326,0.29015379000282027,0.1907476403760322,0.948301174846401,0.9766082234214499,0.9396751452049659,0.038824182595324275
46,0.3155693528219722,0.3213483251772977,0.16998322460187032,0.3332208827811469,0.5680347757583932,0.3669260248519336,0.21373466793716817,0.9474977839943015,0.9766082234214499,0.9396751452049659,0.04831654714239883
47,0.31249083775277026,0.32158874660470066,0.17563952486716278,0.33343432743886114,0.5680347757583932,0.3669260248519336,0.23781996952755657,0.9466138522931062,0.9758820088597289,0.9388979672354079,0.054644790173781876
48,0.3037894293663656,0.31293827911568817,0.16947970511133015,0.32449539870902955,0.7479419900242539,0.3780811918310467,0.19805924685298495,0.9454288394627761,0.9620303026710268,0.9257293126207127,0.056226850931627645
49,0.3055673491748271,0.3113389539681818,0.16047934671161612,0.3228082882582539,0.7479419900242539,0.3780811918310467,0.18868510607781075,0.9444200200339186,0.9610953318941267,0.9232347881927707,0.0498986079002446
50,0.3043529868291903,0.31178321095360023,0.15477601209858347,0.32323088045643644,0.27049641528144264,0.2166298919986065,0.2301818942746835,0.9435052472816126,0.9513283333043394,0.9130281190124594,0.0498986079002446
51,0.3079686822342441,0.3102758731348393,0.15300340511812466,0.3216467583112792,0.27049641528144264,0.2166298919986065,0.21359128926336865,0.9424496927486017,0.9463813428675678,0.9183529423286376,0.04357036486886155
52,0.312431996469523,0.3063622304209413,0.15985572165452508,0.31758151205406154,0.6718682921626742,0.35558173100851076,0.22064227495756758,0.9415088142200552,0.9463813428675678,0.9183529423286376,0.04515242562670732
53,0.31349925560704167,0.31896292649323915,0.1778975935082258,0.3305043327333231,0.6718682921626742,0.35558173100851076,0.21755674041104062,0.9405057182973451,0.9463813428675678,0.9183529423286376,0.056226850931627645
54,0.3236366956561437,0.3222086157631786,0.23076042082241027,0.3338037765643992,0.8455767235665033,0.40763143487565734,0.21180754985113076,0.939594322001903,0.9521635797746253,0.9254561461066599,0.07521158002577677
55,0.3557604855420373,0.33598894479558167,0.24239260294790851,0.34793464479009417,0.8455767235665033,0.40763143487565734,0.20709436385350072,0.9385139793343547,0.9617399941339948,0.923586651845955,0.06413715472085645
56,0.3557518622505269,0.36571914491506063,0.1782738682901474,0.3784674954488712,0.6086193946640563,0.32939263732435253,0.23573061463864514,0.9375208069007201,0.9691105068310595,0.9215711306715277,0.05306272941593612
57,0.3521848630798846,0.36040896730111793,0.17046784636340775,0.372971965554148,0.6086193946640563,0.32939263732435253,0.2347772490755199,0.9363779586048859,0.973467572591816,0.922676038504936,0.046734486384553076
58,0.35159492849008706,0.3610706488817529,0.18062138618182347,0.37361056638470497,0.49510770317804775,0.29765250427194456,0.2419465246245202,0.9351258695766125,0.973467572591816,0.922676038504936,0.04515242562670732
59,0.34834749835777024,0.35691710739572896,0.1716558835933812,0.36930175281494854,0.49510770317804775,0.29765250427194456,0.2450894662272854,0.9340375798825429,0.973467572591816,0.922676038504936,0.04040624335317003
60,0.33895724115541964,0.3487809326992479,0.1875971678810419,0.3608968849345381,0.5661177166303835,0.3575758581216716,0.24143037376640042,0.9331074895454394,0.973467572591816,0.922676038504936,0.046734486384553076
61,0.33974449694507214,0.3456789736304733,0.18623653139284324,0.35766708425587895,0.5661177166303835,0.3575758581216716,0.22061440231574678,0.9319834999964793,0.9731134404985506,0.9246548343477683,0.05148066865809035
62,0.3418044491111669,0.3492816364545784,0.17290859305149742,0.36132694910124435,0.6571685731557482,0.3796340229274848,0.24509355522209708,0.930841022287374,0.9848321545735614,0.9369800305135041,0.05148066865809035
63,0.3416147366979388,0.35184891917502,0.1944965187651825,0.36392668124105204,0.6571685731557482,0.3796340229274848,0.2843544822855914,0.9298099264784754,0.9698367213927805,0.9315583222749277,0.05780891168947341
64,0.33020561477727817,0.3407874428933778,0.16758027337178616,0.3525209407403447,0.20262423973079258,0.16299417688338835,0.26253683487282775,0.9288348304419538,0.9691286788158204,0.9302708370787343,0.04515242562670732
65,0.32463141769448695,0.33151658359061037,0.13719692463068364,0.342948904225367,0.20262423973079258,0.16299417688338835,0.20258550204161108,0.9281324038853465,0.9491135672592246,0.9070539568571789,0.04040624335317003
66,0.32538620932786516,0.3344397945546637,0.13791503833278848,0.34590614717441004,0.5704551533447846,0.31927600909136156,0.2138059766378566,0.9270245966235513,0.9491135672592246,0.9070539568571789,0.0419883041110158
67,0.32185218156593903,0.3321803557923532,0.17089031559400275,0.34355061698656164,0.5704551533447846,0.31927600909136156,0.21460368953423486,0.9262544350481492,0.9491135672592246,0.9070539568571789,0.046734486384553076
68,0.3130554097204786,0.3225070519263244,0.14268482513308484,0.33357907938462544,0.5033176897854075,0.3540653980788693,0.23756110729069463,0.925277115491254,0.9330380090330275,0.8951121032002802,0.05148066865809035
69,0.32676390695975716,0.31424021341060265,0.19483961753396595,0.32505420738687435,0.5033176897854075,0.3540653980788693,0.21253012979063302,0.9245375890854466,0.9374314187633055,0.9019725700247141,0.056226850931627645
70,0.31073878781883985,0.32009656578897167,0.14062707241945108,0.3310266770380645,0.5667489843493876,0.30313386532176456,0.2173308523745375,0.9235636871617185,0.9384661138468195,0.909913810893223,0.05148066865809035
71,0.31256743287148,0.31067674973226983,0.1527182593849497,0.32131997543234286,0.5667489843493876,0.30313386532176456,0.2070964635223907,0.9226754731249887,0.9331016109796906,0.9042191110231255,0.0498986079002446
72,0.3126212016303093,0.32100128207339435,0.13785498554951303,0.3318794283389023,0.23243924316109654,0.22334223667402164,0.2312385427468639,0.9216321891303372,0.9268200877108517,0.8962170110336884,0.04040624335317003
73,0.31664726426076834,0.316699306488713,0.16613228738064142,0.32742834674343907,0.23243924316109654,0.22334223667402164,0.22144910226762685,0.920629463794356,0.9268200877108517,0.8962170110336884,0.04515242562670732
74,0.3148794895011426,0.32489819981842954,0.20848293797489115,0.33580111950685243,0.4843381972835117,0.36070806443585446,0.22550080149057347,0.9196732265047087,0.9268200877108517,0.8962170110336884,0.0498986079002446
75,0.3093504378856704,0.31204610655791254,0.18057435183408327,0.322575586914135,0.4843381972835117,0.36070806443585446,0.23059921427326957,0.9180384449143209,0.9182513320674257,0.8863148123405507,0.05306272941593612
76,0.31518333371377266,0.3106762270769929,0.2043867502261598,0.32113175901477925,0.8504846337007674,0.4114305622376694,0.18282011892897815,0.916606786027711,0.8979913419356995,0.8508283485982464,0.06413715472085645
77,0.29993786157588115,0.30498921500835985,0.22144720002031723,0.3152583966969575,0.8504846337007674,0.4114305622376694,0.21303567938469903,0.9157689306098173,0.9175887194523673,0.8631409532217209,0.07204745851008526
78,0.31257402715322324,0.3101039195487185,0.17030910543978456,0.32047106566211275,0.22435928435929708,0.13743550608026278,0.218412484364059,0.9140988609275711,0.9012226310795675,0.8530927276148608,0.056226850931627645
79,0.30612177609369967,0.3114168296044492,0.23671446530687953,0.3217812358976828,0.22435928435929708,0.13743550608026278,0.2366253187881261,0.9129162774991308,0.911525260000658,0.8643247330767923,0.0498986079002446
80,0.3084495575490577,0.31000775097775735,0.1687918277756297,0.3202983915070432,0.5289342594383091,0.3401795046203361,0.2546293583927117,0.91051886959683,0.911525260000658,0.8643247330767923,0.056226850931627645
81,0.3153238426401475,0.30420523209291556,0.1889842611898444,0.3143068206401098,0.5289342594383091,0.3401795046203361,0.21340901069001947,0.908274308132077,0.911525260000658,0.8643247330767923,0.056226850931627645
82,0.31707234180698535,0.32425010727499554,0.17799670159810693,0.3348143427109864,0.5590935775633492,0.3705824775619224,0.22767021725928965,0.9054571489947649,0.929951874157676,0.8818825894646565,0.05780891168947341
83,0.3232161833819028,0.31053406484165896,0.2114830574414625,0.3207163039096583,0.5590935775633492,0.3705824775619224,0.231406506230881,0.9018215284783755,0.9336915356557056,0.8885550575678314,0.07046539775223949
84,0.34349157073254866,0.3339134806907621,0.19545652339852268,0.3446408803062991,0.9079227630310338,0.31515835227366984,0.20330005567435827,0.8995300260279531,0.9343723202555245,0.8925986914589468,0.05306272941593612
85,0.34450556836367974,0.3442975957334604,0.16367054321588204,0.3552424571236384,0.9079227630310338,0.31515835227366984,0.2510656536980741,0.896645090695543,0.9270651878955523,0.8812512635262892,0.054644790173781876
86,0.3412703122899658,0.3503959375050632,0.15330660868123558,0.36145595922120605,0.20902355927476945,0.22573784362194538,0.29628824586043834,0.8934199979222437,0.9179428515456327,0.87770552020208,0.046734486384553076
87,0.3612925806721602,0.3485337167532445,0.1780533947851152,0.3595046539960699,0.20902355927476945,0.22573784362194538,0.28276633985903477,0.8934199979222437,0.9179428515456327,0.87770552020208,0.0498986079002446
88,0.3645719677083096,0.36952041674441166,0.19311950424518148,0.38095637096045426,0.5502722917845699,0.3359490352870913,0.2611071696945657,0.8909709961120098,0.9179428515456327,0.87770552020208,0.056226850931627645
89,0.37221271123893873,0.3764591882013707,0.17577390871784906,0.388016179165848,0.5502722917845699,0.3359490352870913,0.25927396918921547,0.888804793152282,0.906024467247823,0.865490500031129,0.0498986079002446
90,0.37506702072887105,0.3794780450811082,0.20027838394095998,0.39106316367032246,0.7602413629864335,0.39601838180400484,0.269792514634372,0.8858398522627182,0.8934436919445252,0.8661763893192942,0.054644790173781876
91,0.39599067670011995,0.3876069026037118,0.22085213153149702,0.39934434924246026,0.7602413629864335,0.39601838180400484,0.24726637943535995,0.8841067828365474,0.8961032283971391,0.8734621704601018,0.056226850931627645
92,0.3987283181284414,0.40851520430333443,0.2319333398691815,0.42071066839397003,0.15808126278513912,0.1485939910745392,0.3163558549201524,0.8817225101749733,0.883676693354738,0.8637596876178268,0.056226850931627645
93,0.4005929781044484,0.4105002490452394,0.1712838089787128,0.4227002082088799,0.15808126278513912,0.1485939910745392,0.2654808215674486,0.8801566577161737,0.8983997683736771,0.8766740630318612,0.046734486384553076
94,0.3980866437895816,0.4091251430115501,0.16630992939286363,0.4212382903617899,0.6665408203099883,0.35095973588599305,0.29984711323428087,0.8801566577161737,0.8983997683736771,0.8766740630318612,0.0498986079002446
95,0.4001060157603334,0.40770665658987293,0.2170032913702581,0.41973991622244483,0.6665408203099883,0.35095973588599305,0.30641364109514235,0.8776917206765942,0.8983997683736771,0.8766740630318612,0.06255509396301069
96,0.40150958326675645,0.3965516250136544,0.20453960849671918,0.40826818355826056,0.7820192070706462,0.42001094945003903,0.33987248458274233,0.8759964922730814,0.9153012654682096,0.8834799665064976,0.06413715472085645
97,0.40792835566512214,0.40856276593353813,0.24427985883866107,0.42051054627009604,0.7820192070706462,0.42001094945003903,0.27598483935658147,0.8731004805151057,0.9231349421671045,0.8733645860075787,0.07362951926793102
98,0.4083037224720441,0.4212570173004123,0.3044288018222923,0.4334447884122358,0.6720831128347138,0.3512351311445493,0.27715595012576616,0.8707541312287959,0.8998338039027884,0.8579493903944717,0.08312188381500558
99,0.3751918048295505,0.38398333356852815,0.21434081401621305,0.395253746077676,0.6720831128347138,0.3512351311445493,0.3057013623039495,0.8686908278508114,0.8876523690450875,0.8402518028640162,0.05939097244731917
100,0.36334492405162816,0.3686893948540406,0.15399323019985137,0.37955698421275774,0.4166235964287657,0.2029961676924864,0.2231556125927667,0.866432266442964,0.8829777367701581,0.8414901460688855,0.04515242562670732
101,0.3582566748080684,0.3687312072761977,0.1553013656052639,0.37954718042106816,0.4166235964287657,0.2029961676924864,0.2592378449530965,0.8636163837710518,0.8829777367701581,0.8414901460688855,0.04515242562670732
102,0.36622205990144086,0.3653255854915076,0.20612617649004564,0.3760241987128885,0.44430316399236536,0.3364998258042039,0.28264278223153866,0.8636163837710518,0.8829777367701581,0.8414901460688855,0.056226850931627645
103,0.3611388831822989,0.37121747842871006,0.21346521184797343,0.3820058970074656,0.44430316399236536,0.3364998258042039,0.2891873541014098,0.8624470179359447,0.8853921730380709,0.8420614872989811,0.06255509396301069
104,0.36319477732885935,0.36619580652765077,0.25511498145321104,0.3768204306604861,0.7003342775235923,0.3661197471672446,0.2364565997096138,0.860968912179304,0.8954951317363631,0.8541304805562102,0.07521158002577677
105,0.3557001225014647,0.3635961191800375,0.2491743766976489,0.37411268699278577,0.7003342775235923,0.3661197471672446,0.165677796474281,0.8590759963440384,0.8899852529911474,0.8470211558895888,0.06730127623654797
106,0.3229574846365917,0.3333192216408553,0.19726230370444264,0.34311400546361326,0.5019222900608351,0.12451847304942187,0.18239517188325913,0.8576993901748318,0.879891380285236,0.8420488957567203,0.046734486384553076
107,0.30579764178339813,0.3133480408528271,0.1367752939553169,0.32266695457673705,0.5019222900608351,0.12451847304942187,0.18044178800695396,0.8566697355365456,0.8825057083855179,0.8380241491789964,0.03724212183747852
108,0.30045779532871225,0.30898282397963317,0.12158194180238982,0.31817131729589504,0.9995833575504989,0.2796456359805565,0.1936884333435281,0.8554194170893106,0.8825057083855179,0.8380241491789964,0.04040624335317003
109,0.3010847593467603,0.3069930753402355,0.15861015402615358,0.3161058940850589,0.9995833575504989,0.2796456359805565,0.1985357942245811,0.8554194170893106,0.8825057083855179,0.8380241491789964,0.04515242562670732
110,0.30547502923042197,0.30651014186432185,0.15713067383576199,0.31557762973964304,0.842863114434953,0.26205683759974785,0.18978725509945152,0.8534595485850114,0.8797643980014804,0.8295608839542477,0.0498986079002446
111,0.3079027394168119,0.31518099290913587,0.1518682774978434,0.32440302081266736,0.842863114434953,0.26205683759974785,0.22180220833085718,0.8520796894878504,0.8577341906225686,0.8094644327405283,0.04357036486886155
112,0.3242758337327946,0.3117962773355243,0.16898416802152072,0.32091131610568724,0.9217403639787463,0.2751397713887552,0.20156383818433662,0.8507442184455591,0.8757251203644678,0.8290925485351488,0.04831654714239883
113,0.32787428255482765,0.3333192216408553,0.15494524840094523,0.34286380922935406,0.9217403639787463,0.2751397713887552,0.23282354342705214,0.8490857604808206,0.8669473868962925,0.8162820533447681,0.04357036486886155
114,0.330270035837385,0.334998513045737,0.1410062888638642,0.3445433166143281,0.15498780828453573,0.15441047165585553,0.23000141275580946,0.8473994261588031,0.844844713187908,0.7876195059778344,0.0419883041110158
115,0.32915813848498915,0.33933916512091367,0.1651479283620414,0.34893446552990753,0.15498780828453573,0.15441047165585553,0.2320585526310545,0.8456714625942314,0.844844713187908,0.7876195059778344,0.03724212183747852
116,0.3208873874216612,0.32975209937558375,0.17996710212111758,0.33910254844472837,0.516287219736628,0.25209283806426996,0.2023395706822836,0.843686517721272,0.844844713187908,0.7876195059778344,0.04515242562670732
117,0.32335263428874333,0.32795625584393934,0.20874541449629386,0.33722682915992896,0.516287219736628,0.25209283806426996,0.19511313908731998,0.843686517721272,0.8237767345630376,0.7786887797466442,0.0498986079002446
118,0.32448786525346135,0.32578253254705075,0.17420245420429006,0.334971845475247,1.0,0.3089868440698774,0.16696147779460618,0.8415508675785324,0.8025452080753199,0.7623996961241135,0.04831654714239883
119,0.3193874419512987,0.32223056728481103,0.19501598625920288,0.3313111824358361,1.0,0.3089868440698774,0.1985846516431247,0.8395283287407342,0.8025452080753199,0.7623996961241135,0.05148066865809035
120,0.3200210002510899,0.32665170827264,0.18345142810312773,0.3357952258955985,0.4013095337878263,0.10824692668845504,0.20627123910993547,0.8378829236641161,0.8147902448796831,0.7742511355122763,0.054644790173781876
121,0.30728845670980853,0.31471635236791584,0.19988530445851005,0.32357486527762885,0.4013095337878263,0.10824692668845504,0.18373267030130336,0.836591511266269,0.8072200619598195,0.7710483368321499,0.046734486384553076
122,0.308945143184683,0.3156665396614344,0.18962175398840703,0.3245081614120425,0.4617197849837056,0.2463891699985069,0.19792372511737977,0.8347231776840247,0.8072200619598195,0.7710483368321499,0.056226850931627645
123,0.29860480215886637,0.30596083116823386,0.16536420035598187,0.31456781161045383,0.4617197849837056,0.2463891699985069,0.213523154466765,0.8320008475730254,0.8072200619598195,0.7710483368321499,0.06571921547870221
124,0.2939761236275651,0.28950450711778086,0.14443265777875036,0.2977383585860276,0.9622285360475633,0.21529604990294804,0.1606839156242354,0.8306360178265393,0.8053501204060196,0.7660914663620446,0.04831654714239883
125,0.2944625787192383,0.30276374883905194,0.13722715696557253,0.31123109220000705,0.9622285360475633,0.21529604990294804,0.20095326980879807,0.8306360178265393,0.7902093113471524,0.7572752881889235,0.0498986079002446
126,0.3000504716179577,0.2994469784514456,0.13653591868976644,0.3078178795294588,0.717351996252426,0.2539940607528577,0.21428508252752654,0.8284523149379435,0.8114771818043915,0.7720958831952578,0.05148066865809035
127,0.3019379579538451,0.3075747906634952,0.2298088252585268,0.31607481806770255,0.717351996252426,0.2539940607528577,0.2359429612024736,0.8269429563671598,0.8060399909982192,0.7693820560729356,0.056226850931627645
128,0.29668332990937935,0.30360522383496213,0.1905897262402544,0.3119879974533021,0.15090291538563727,0.13163229755959982,0.21439197773210572,0.8269429563671598,0.8403604435338261,0.7987591734631845,0.06255509396301069
129,0.29673608416332514,0.3030433694122271,0.14290235899138326,0.3113733821256227,0.15090291538563727,0.13163229755959982,0.22767857550877094,0.8252911689635425,0.8403604435338261,0.7987591734631845,0.05148066865809035
130,0.3232278501880638,0.2989253684850366,0.21212894183958123,0.30713526207214664,0.27154323419983417,0.24715894951639927,0.2581770641522387,0.8239593626122379,0.8403604435338261,0.7987591734631845,0.060973033205164937
131,0.32646716428131206,0.3326915126532229,0.14700820490746347,0.3415299101715448,0.27154323419983417,0.24715894951639927,0.2473195942808598,0.8226007916638409,0.8357130692360375,0.7880867921017451,0.046734486384553076
132,0.3270058663744893,0.3351380620046861,0.16210581125445359,0.34398051096636617,0.6992916530262139,0.2262289098661181,0.23792602152167608,0.8218836239906813,0.8516525591860988,0.8056456977847979,0.05148066865809035
133,0.3270535481040172,0.3347925868666136,0.16917733674385121,0.3435866301530086,0.6992916530262139,0.2262289098661181,0.2462134230861574,0.8209822747132245,0.8473590953720054,0.809443097071697,0.05148066865809035
134,0.3249555520047885,0.33295702153392004,0.16842857142924336,0.34167476011862236,0.0872384753002644,0.0706239527514641,0.22563824852725525,0.8201312017019977,0.8574890904378685,0.8351642951429523,0.05148066865809035
135,0.3152147833651634,0.32064587648505966,0.12915572962140448,0.32908482681975415,0.0872384753002644,0.0706239527514641,0.24132715422263307,0.8195023571992421,0.8628535933049974,0.8443877747317126,0.04357036486886155
136,0.3153862346904872,0.3233056691895237,0.13294158071223047,0.33175537212473244,0.5420773629185374,0.27286693100187465,0.21835034006575416,0.8195023571992421,0.8628535933049974,0.8443877747317126,0.04515242562670732
137,0.3198799840722733,0.3184146611077051,0.16490897237410507,0.3267295663060747,0.5420773629185374,0.27286693100187465,0.22613540372810392,0.818648772433519,0.8628535933049974,0.8443877747317126,0.05306272941593612
138,0.3212018839355688,0.3298487906018219,0.21460244324743716,0.3383409025309415,0.7057781819021052,0.292668845496624,0.1995328655251861,0.8176711646425012,0.8654224914433772,0.8519834477181678,0.06571921547870221
139,0.31737314250496473,0.3128389746130652,0.210975756389364,0.3209723000434989,0.7057781819021052,0.292668845496624,0.209549403817999,0.8165839455323154,0.8591954841288212,0.8543015156719231,0.0783757015414683
140,0.33138852747152414,0.3249886191813441,0.1942630281684536,0.3333125352297895,0.5299564319082668,0.29720457222489505,0.21326734207414094,0.815802213415709,0.8693802167585369,0.8650043265938268,0.06730127623654797
141,0.3315011375136007,0.34195191885045106,0.19807993805485022,0.35055210304008955,0.5299564319082668,0.29720457222489505,0.18877764703447605,0.8150623575994758,0.8649777210358782,0.8651458065617323,0.08470394457285135
142,0.36139707467516824,0.33563301655197,0.24257653815585836,0.3440800589271462,0.2923263698894619,0.15821291703303086,0.24217936325861666,0.8143365017263371,0.8622818406137434,0.8646281542687777,0.060973033205164937
143,0.3707320413613641,0.3746210095922923,0.16028239441196956,0.3837484038383613,0.2923263698894619,0.15821291703303086,0.2471478439385058,0.8143365017263371,0.8622818406137434,0.8646281542687777,0.04040624335317003
144,0.3714731371788141,0.3794785677363852,0.17633957670781614,0.38865215455247004,0.9541249801981617,0.2787265457803142,0.2454235833129343,0.8134013055276346,0.8622818406137434,0.8646281542687777,0.04515242562670732
145,0.3736583806980301,0.3822653656731512,0.18718351490297117,0.3914463416867146,0.9541249801981617,0.2787265457803142,0.25203548002783954,0.8124656975658999,0.8544211275472775,0.8579019972284614,0.04831654714239883
146,0.3705722568422014,0.38099740397123927,0.19585378893792146,0.3901128022983042,0.6111502967238054,0.2962257577517129,0.30159217616672257,0.8113403080226302,0.8562183811620341,0.8493939620756736,0.0498986079002446
147,0.3686852777587558,0.3799405950012204,0.20717058627616333,0.3889938911813576,0.6111502967238054,0.2962257577517129,0.3111028587926807,0.8103713884315917,0.8348417004058004,0.8183764465408585,0.0498986079002446
148,0.37429498251247206,0.37370584020233033,0.20849049370689599,0.3825961497177065,0.49802153375297964,0.13212336380377254,0.28303138579858095,0.8092760987659751,0.8330898767529455,0.8196039470287808,0.0498986079002446
149,0.37434925852374323,0.38446104049167223,0.20255199609011262,0.3934863418074005,0.49802153375297964,0.13212336380377254,0.2608026046478504,0.8085762663164704,0.8219703949559003,0.803623006426583,0.046734486384553076
150,0.3713534256025525,0.3804470479645974,0.20622822221090278,0.38935403392973555,0.42567132872231794,0.27160608523980956,0.28201646311896533,0.8085762663164704,0.8219703949559003,0.803623006426583,0.04515242562670732
151,0.366732355857878,0.3751159641395761,0.20547904836938882,0.3838847533654213,0.42567132872231794,0.27160608523980956,0.28744333663026184,0.807512105936087,0.8219703949559003,0.803623006426583,0.04831654714239883
152,0.36694388012610296,0.3726448499900957,0.2141161457192817,0.3813213883450537,0.2850941164004783,0.2669475919504952,0.29019506434685977,0.806489080682619,0.7953289356391515,0.7839805502643873,0.05148066865809035
153,0.36516190229810724,0.36806377648751615,0.20552439485596438,0.37661397983990064,0.2850941164004783,0.2669475919504952,0.23104064716027403,0.8053779793165663,0.8123394646422484,0.8065391726377393,0.056226850931627645
154,0.3627600619862484,0.3715169599024098,0.23660570240924583,0.38007422023136855,0.40835806570747746,0.2171309122882692,0.24974423557200248,0.8043813068971584,0.7813411611743133,0.7791104215298581,0.05939097244731917
155,0.35731369251878736,0.35392438327983955,0.21048232039106007,0.3621453859146801,0.40835806570747746,0.2171309122882692,0.27162271265742854,0.8037299801328455,0.8099068563895746,0.8141778667269193,0.05780891168947341
156,0.35542113365848216,0.3660620067767483,0.16915592133340587,0.37444306687100076,0.08355879668301813,0.1166614131426581,0.26737161699961187,0.8030480593752409,0.8099068563895746,0.8141778667269193,0.0498986079002446
157,0.3662469152710884,0.3654170501649761,0.16894678780961384,0.37373916600131163,0.08355879668301813,0.1166614131426581,0.29624177428597465,0.8030480593752409,0.8099068563895746,0.8141778667269193,0.04515242562670732
158,0.36949231639363805,0.37191156463651676,0.203226839536135,0.3802955226854028,0.43191149048644206,0.2760654976193241,0.24166190819203498,0.8022994741827254,0.8099068563895746,0.8141778667269193,0.05780891168947341
159,0.37352294429607313,0.3775144292055587,0.25283927157214925,0.3859393475479683,0.43191149048644206,0.2760654976193241,0.2756109994523447,0.8013000429510018,0.8157433876413438,0.819431163087754,0.07046539775223949
160,0.38955516497117537,0.37597155082796435,0.27139684279669707,0.38432905928271005,0.39020274611809813,0.2644922607296315,0.272342534934633,0.8006954924671452,0.8207630660171583,0.8261511992394708,0.07204745851008526
161,0.40825198272298185,0.40126597561185945,0.2145310585459526,0.40998474534910206,0.39020274611809813,0.2644922607296315,0.2978766205008449,0.7997674197688995,0.812729719095465,0.8214592758044421,0.05780891168947341
162,0.41506286125884845,0.4209810553141759,0.21528612377548068,0.4299682947246195,0.1811314285864679,0.11626325132305859,0.27585873488230683,0.7989640700931033,0.8205088798400775,0.8374760673255774,0.054644790173781876
163,0.415310907702882,0.4259076039548279,0.21680087703900036,0.43492324749098965,0.1811314285864679,0.11626325132305859,0.2857329382573241,0.7981462675348772,0.8023182798753798,0.81077535219593,0.04831654714239883
164,0.40565535747347703,0.4120013150006768,0.1966995686420168,0.4207479640010098,0.597668762631812,0.29156394644723527,0.2781584104868606,0.7973927411859756,0.8023182798753798,0.81077535219593,0.04515242562670732
165,0.4006873270586207,0.4121994013506457,0.24086945472523644,0.4208990662567953,0.597668762631812,0.29156394644723527,0.2419036891278759,0.7965430269927549,0.8023182798753798,0.81077535219593,0.05939097244731917
166,0.40938264841572386,0.40401200643702234,0.24499923171744684,0.4125381767078941,0.25667393974707964,0.2815004064568575,0.3400428756808853,0.7965430269927549,0.8088174237422079,0.8106760189180926,0.056226850931627645
167,0.41257275902211876,0.41835941644493013,0.28269768608418544,0.42706664838565955,0.25667393974707964,0.2815004064568575,0.28006611448105106,0.7957526890287758,0.8109324654807084,0.815596164056603,0.060973033205164937
168,0.4291984650541112,0.42575760189033957,0.28040853781805497,0.4345189927655848,0.6466514996398052,0.28559483716840584,0.2561902276920263,0.7948407162650886,0.8009385386909811,0.809998174226372,0.060973033205164937
169,0.4314775502750577,0.43654572946213027,0.3080596814565069,0.4454238732736603,0.6466514996398052,0.28559483716840584,0.2917803236843633,0.7940292960338613,0.817894551739796,0.8272793664495557,0.06730127623654797
170,0.4260210357587609,0.4369194279851587,0.24516090086517647,0.4457587644209465,0.3118343475771016,0.19387494400849414,0.31764279407082985,0.7933272812402863,0.8157070436718223,0.8211691456848433,0.054644790173781876
171,0.4205077089689841,0.42547066414328694,0.2852660947427501,0.4340869021968879,0.3118343475771016,0.19387494400849414,0.2402873365344328,0.7923887085847199,0.8157070436718223,0.8211691456848433,0.060973033205164937
172,0.4401941762347158,0.42215702968734237,0.3552775652846204,0.4306687759656003,0.44246821361319366,0.2831527780081955,0.31805172751823846,0.7915949118112702,0.8157070436718223,0.8211691456848433,0.07679364078362254
173,0.45759699300752515,0.4536443968479706,0.2888490907232881,0.4625829900742044,0.44246821361319366,0.2831527780081955,0.3395347092352101,0.7915949118112702,0.8114862677967718,0.8129636573113836,0.06413715472085645
174,0.4565175598114036,0.46834355385727433,0.3022954743187096,0.4774437916005591,0.7092174891947212,0.3125138941884964,0.2896496937615022,0.7906631332457348,0.7885392616257212,0.7953251800765424,0.06413715472085645
175,0.4609808740466825,0.4636208407746378,0.31023166850625505,0.47259430061145885,0.7092174891947212,0.3125138941884964,0.3182841788718014,0.7898546777083395,0.7650566251233673,0.7789995460049484,0.06730127623654797
176,0.47128317113936513,0.47084341404698776,0.30931407407235295,0.4798713403613195,0.4791411886589334,0.15972261393234566,0.298568657329694,0.788957363708598,0.7657010657536647,0.7787407198584708,0.06888333699439374
177,0.48519659836512535,0.4855713170965244,0.3021018755680569,0.4947573270476201,0.4791411886589334,0.15972261393234566,0.3604660855283814,0.7881113553826673,0.7573410663254174,0.7702513971365434,0.06255509396301069
178,0.4864322653133171,0.49619951215356445,0.32014541243766764,0.5054840717845437,0.794834246419003,0.316691275279128,0.30334367462653333,0.7872400236302568,0.7573410663254174,0.7702513971365434,0.06413715472085645
179,0.47703287756701446,0.4879734407494459,0.34390993859869495,0.49708186830373813,0.794834246419003,0.316691275279128,0.33093247033945783,0.7863325802599237,0.7573410663254174,0.7702513971365434,0.06730127623654797
180,0.47800325148815187,0.49022608499315584,0.4274576256524935,0.4993110589362254,0.6543802974184094,0.2942183585778987,0.2919673467510851,0.7863325802599237,0.7267602752878402,0.740491986532646,0.06888333699439374
181,0.4505198069397207,0.46367833285510374,0.31620712705733117,0.4723379557332521,0.6543802974184094,0.2942183585778987,0.3257568757857256,0.7851143793291993,0.7321520361321108,0.7400290724720204,0.06413715472085645
182,0.4504873427834463,0.45756797001213084,0.3227104668753191,0.46608971352682527,0.46448023839982944,0.30354529920201734,0.3260822947893331,0.7806347681257366,0.749516697228473,0.7556153032008399,0.06413715472085645
183,0.4617108103104131,0.4639203222483375,0.3630634215707261,0.47247500168675854,0.46448023839982944,0.30354529920201734,0.33554148133769124,0.7806347681257366,0.7433896358301011,0.7613547729989765,0.06571921547870221
184,0.4644677273315225,0.4732512869079557,0.3705838858777884,0.4818780687448995,0.6049882264509121,0.26563365794581684,0.26855335489322896,0.7806347681257366,0.763232113531469,0.7746101693492482,0.060973033205164937
185,0.4584111331765924,0.4695613406525978,0.32659332160492455,0.4780799486536226,0.6049882264509121,0.26563365794581684,0.29023648138634817,0.7806347681257366,0.763232113531469,0.7746101693492482,0.060973033205164937
186,0.4565535747347704,0.4506710109773287,0.3165485480437388,0.4588896674079275,0.6642406690841838,0.3089370738424274,0.2971881626130416,0.7806347681257366,0.763232113531469,0.7746101693492482,0.07046539775223949
187,0.451787430791745,0.46606111826277746,0.3755207830279287,0.47443596230132873,0.6642406690841838,0.3089370738424274,0.2555950016690695,0.7798063009049769,0.7605362331093342,0.7756085737210314,0.07204745851008526
188,0.47531430629424193,0.44328536925856643,0.46423682997628957,0.4513085229291008,0.7851026444286668,0.43422864442490505,0.34910201818517794,0.7788278284115915,0.7355377871464452,0.7542524436336111,0.08628600533069712
189,0.4746695884407314,0.48780305512915595,0.44725827974801363,0.49636680203811323,0.7851026444286668,0.43422864442490505,0.3097480935965642,0.7779582260639164,0.7311445990257379,0.748906984178727,0.09419630911992591
190,0.43540520593181004,0.44773525628662825,0.28962559286467765,0.45571875839402654,0.1866968874433549,0.16008427758514854,0.3210482441645753,0.7771135353796885,0.7635771596323542,0.7869218995600653,0.0783757015414683
191,0.4375909567034678,0.4410233172198711,0.2772248876389244,0.44886715719810905,0.1866968874433549,0.16008427758514854,0.3180819128869631,0.7763498384838918,0.7634408697466482,0.7881978425091865,0.06888333699439374
192,0.43738450495966075,0.44589028315894935,0.3158035669783662,0.45374104652361713,0.5671273960429208,0.2792242480548136,0.27310199336842916,0.775517212456507,0.7634408697466482,0.7881978425091865,0.07204745851008526
193,0.43143240480773865,0.4432900731560591,0.35316060035869723,0.4510525484210307,0.5671273960429208,0.2792242480548136,0.3342287585330794,0.775517212456507,0.7634408697466482,0.7881978425091865,0.07995776229931405
194,0.40193364630809,0.41446458932100283,0.29542172960539803,0.42181846808283585,0.3561278405248788,0.25587537535046534,0.29529259531301316,0.7746472395221029,0.7843091781487201,0.8062805213737929,0.07679364078362254
195,0.3968159764229065,0.4076235544008358,0.2730258115825921,0.4148350820422776,0.3561278405248788,0.25587537535046534,0.28876096039242655,0.7738855190888606,0.7983878125373618,0.8137284186212119,0.07679364078362254
196,0.40128791394969576,0.3939650040479651,0.28860468412636797,0.4009584846270085,0.7856430197034387,0.24049969308359742,0.25413868137251117,0.7730540871742692,0.7963454587379046,0.8171811244387144,0.07362951926793102
197,0.40560919750127444,0.40214874037464976,0.2352891491994263,0.4091913096803043,0.7856430197034387,0.24049969308359742,0.3079943269462125,0.7722752373988879,0.7704304355924472,0.7980561456869422,0.07679364078362254
198,0.4039489602593075,0.4162834296848337,0.21904424879023307,0.4234518877669882,0.5385070663860079,0.1268145395424457,0.24621102909415604,0.7715698873247521,0.7508782664281113,0.7789932502338177,0.07046539775223949
199,0.3939200722327477,0.39836314820360763,0.21681642256284778,0.405266072814313,0.5385070663860079,0.1268145395424457,0.294420925169267,0.7706758674292682,0.7508782664281113,0.7789932502338177,0.07204745851008526
200,0.3961139390434741,0.39364461636318687,0.3248706926504552,0.40044876860407574,0.5778645581152546,0.28951673109146114,0.2719161049002965,0.7706758674292682,0.7508782664281113,0.7789932502338177,0.09736043063561745
201,0.3816709402684887,0.39329391467234476,0.37282011915887264,0.4000425993749342,0.5778645581152546,0.28951673109146114,0.24958693913952706,0.769847111974386,0.7578585246719598,0.7899986079350498,0.10052455215130895
202,0.33445030321014707,0.3451610222510031,0.1937385011224549,0.3513038676932064,0.36879470227866284,0.20834480813577316,0.24911684211526408,0.7686816578880846,0.7380703413153036,0.7637095662843267,0.07521158002577677
203,0.3295852450409733,0.338180438371887,0.17823649614127154,0.34417365887891876,0.36879470227866284,0.20834480813577316,0.2184406028620496,0.7686816578880846,0.7513957247746537,0.783278571783333,0.08628600533069712
204,0.34509195218638483,0.3348338766334937,0.20432837858485645,0.3407717797818992,0.0,0.049478242115566506,0.25323725444032685,0.7678768258653724,0.7117194121451575,0.7448748925346844,0.08945012684638863
205,0.3417161871862961,0.34804607937983817,0.15218912162903395,0.35409410424277377,0.0,0.049478242115566506,0.2810963075029815,0.7672263226271239,0.70383144110155,0.740725629594601,0.07204745851008526
206,0.3386209327865152,0.3421698661009446,0.16580010931548403,0.3481081962623649,0.5762249104160129,0.16346533503658112,0.20164379774085714,0.7664753080327185,0.70383144110155,0.740725629594601,0.07521158002577677
207,0.32882842439782795,0.32780886705583573,0.1569895707925414,0.33354087808395927,0.5762249104160129,0.16346533503658112,0.23759222821171433,0.7656843936004942,0.70383144110155,0.740725629594601,0.0989424913934632
208,0.33270028228598386,0.33696317423184047,0.23562553885446424,0.3427594960664774,0.4277688209523751,0.20600560744562602,0.22154907337351917,0.7648279676698491,0.756814743596065,0.7919836995490128,0.09577836987777168
209,0.3598920566803879,0.33917766464033217,0.20608964558407508,0.34495619325595867,0.4277688209523751,0.20600560744562602,0.2717566581353772,0.7641532527653079,0.7403396233147008,0.7704117644178405,0.08945012684638863
210,0.36298934008993583,0.37065562400597496,0.22976221018840073,0.3767303403451126,0.19807588746650073,0.1478341656021368,0.24539621925473581,0.7641532527653079,0.7128903971143776,0.7497333041396093,0.09577836987777168
211,0.3429290277746075,0.35119664538937034,0.18078516649984738,0.35701944742325253,0.19807588746650073,0.1478341656021368,0.2461257158351488,0.7633657559662507,0.6833261291755535,0.7148870853447737,0.10685279518269201
212,0.33914898257841486,0.3386753929191708,0.1891278879617809,0.3443245910287979,0.3588616426596416,0.08293047099225243,0.19524814758416703,0.7624903477598217,0.7368723199785125,0.7559787091010965,0.09419630911992591
213,0.3466005209482577,0.3454333256503007,0.19001690701367305,0.35110900475611506,0.3588616426596416,0.08293047099225243,0.24954898990473584,0.7617025215503388,0.7368723199785125,0.7559787091010965,0.08786806608854286
214,0.35009092500019023,0.34109476419623197,0.26293023017513883,0.3466913795641439,0.36384002644418456,0.2282396270550956,0.2436264599341112,0.760880436656578,0.7368723199785125,0.7559787091010965,0.12425546351899538
215,0.38649491098987776,0.35547719210769624,0.2659421055409682,0.36117547734134986,0.36384002644418456,0.2282396270550956,0.23991399869662822,0.7600113696008447,0.7368723199785125,0.7559787091010965,0.10843485594053776
216,0.3930161483814843,0.39670319504397356,0.20605982311993076,0.40277042224350973,0.48617271121007377,0.21050151799193728,0.2691950752711826,0.7591913846985481,0.704312555478571,0.7331738521235287,0.08786806608854286
217,0.3985903454642755,0.39035606936053646,0.22466192377724203,0.3963181647947647,0.48617271121007377,0.21050151799193728,0.2769497978672433,0.7591913846985481,0.7112294333853266,0.7340057683254158,0.09577836987777168
218,0.4136709605585864,0.41002672336431106,0.24745634904622713,0.41613449454731294,0.20124280414580265,0.038658194667949675,0.2611067553205684,0.757656908582801,0.7529206202275684,0.7648870503682674,0.10685279518269201
219,0.4213776469066478,0.4249945251859738,0.19071445595510736,0.43119980426019244,0.20124280414580265,0.038658194667949675,0.3060321541505857,0.757656908582801,0.6891174520749912,0.7049490357326984,0.07362951926793102
220,0.43731399687025246,0.43400196622915194,0.2366871712748859,0.4402482909162726,0.5848713952655822,0.1864558621032898,0.25936414844159544,0.7568270001914286,0.6891174520749912,0.7049490357326984,0.07521158002577677
221,0.43140146240878974,0.4450561253369167,0.24884555554108168,0.45135304626927997,0.5848713952655822,0.1864558621032898,0.28007938297159213,0.7559566978465987,0.6891174520749912,0.7049490357326984,0.08628600533069712
222,0.44261630664424606,0.4371561908256228,0.2310510265714386,0.4433333971621285,0.349984736340768,0.23631899397780254,0.3082888213034724,0.7549899194233275,0.7394319105149418,0.7429758431261722,0.09577836987777168
223,0.44650490386298103,0.4476516314423143,0.25258351222752307,0.45387743128055896,0.349984736340768,0.23631899397780254,0.25602298958140113,0.75443115698865,0.8013742231060998,0.8078402986713822,0.09577836987777168
224,0.4400957692610093,0.44682531344943593,0.26596562809019236,0.45299142388095703,0.3613796880565743,0.22530981966587593,0.29485005660089036,0.7534368727948287,0.8059218730972741,0.811865919661763,0.10368867366700048
225,0.421066193907391,0.432043576906372,0.28139121703852144,0.438032230160732,0.3613796880565743,0.22530981966587593,0.2779657585522884,0.7527160404306827,0.8022728499134781,0.8014471179708587,0.11318103821407506
226,0.3992360778226696,0.4107730750998141,0.2776150308342368,0.4165192267251581,0.12306625522424797,0.10243708213746539,0.2677315947085677,0.751934843606018,0.8377554230354947,0.8314966586943549,0.11792722048761234
227,0.4043603419895963,0.3947380112025932,0.18467851392051435,0.40029452088276485,0.12306625522424797,0.10243708213746539,0.3011121659820349,0.751934843606018,0.8377554230354947,0.8314966586943549,0.09577836987777168
228,0.4164643997555043,0.41676636316074733,0.2209298154759825,0.422469459713587,0.4967740819586708,0.2739452859299567,0.2707215870186328,0.7509954886006904,0.8377554230354947,0.8314966586943549,0.10527073442484625
229,0.40851068146829295,0.4148069285274135,0.2858141228365568,0.42044160349732373,0.4967740819586708,0.2739452859299567,0.26361247775007646,0.7498241463030288,0.8335073891833034,0.8249737151555301,0.12741958503468692
230,0.45555834544398544,0.41318408389244377,0.269175725011138,0.41875946678375103,0.6757805774565211,0.2406125055991506,0.33051112837428015,0.7489387322549177,0.8354588830589567,0.814628189245284,0.1147630989719208
231,0.4613679076597655,0.46153178763261726,0.25040019393148505,0.4674649598492593,0.6757805774565211,0.2406125055991506,0.3365824109954067,0.7479155011199337,0.849828047594201,0.8369155688124288,0.09577836987777168
232,0.4850626837204938,0.46206855460205815,0.26998075953170525,0.4679488587550193,0.8524745439414927,0.09045241136751991,0.34168429918395804,0.7471246690403158,0.8659036058203982,0.8522788243137083,0.10368867366700048
233,0.47361856138134983,0.48159025185189824,0.26321832764959413,0.4875708702987773,0.8524745439414927,0.09045241136751991,0.2775483010675644,0.7463268369891508,0.8691260305814557,0.8663482988476641,0.08945012684638863
234,0.46445910404001206,0.4443442688496932,0.2250008075965487,0.44997058632871184,0.878967068145684,0.24738125653234233,0.30039981237793484,0.7463268369891508,0.8691260305814557,0.8663482988476641,0.0910321876042344
235,0.4611634849257256,0.46899007843487733,0.36433462829397,0.4747626749634877,0.878967068145684,0.24738125653234233,0.3486758880677628,0.7453757879137091,0.8691260305814557,0.8663482988476641,0.12900164579253265
236,0.49570991247359114,0.47199325565630607,0.3005820694717514,0.47773469007392066,0.8659147743666331,0.2997992600826186,0.3627168169529838,0.7444743562836459,0.825918812669109,0.8269033690070378,0.1147630989719208
237,0.5353821259457089,0.5018138751386997,0.3682703765072055,0.5077261387846205,0.8659147743666331,0.2997992600826186,0.38455506499722336,0.7435059719845492,0.8148720188111067,0.8184999136080295,0.11634515972976658
238,0.5643259502740432,0.5443752623076171,0.2857192155858481,0.5505466775273933,0.8567387588842579,0.25819134993446924,0.39775495817795387,0.7425099995622959,0.816070261757468,0.8259102111111967,0.10052455215130895
239,0.5746739000864867,0.5858427319818513,0.2704485873434224,0.5922577293631038,0.8567387588842579,0.25819134993446924,0.3873622196091156,0.7415154683106553,0.8095527242963092,0.8250721740207101,0.0989424913934632
240,0.5649600158262763,0.5826702144506868,0.2543061411819924,0.5889948156889683,0.7992519504342852,0.17718532773694773,0.4703287389523021,0.7405248899841236,0.7826027844577674,0.7949241744320339,0.08628600533069712
241,0.5657513296354632,0.5814733338664417,0.27977274094368804,0.5877229549421061,0.7992519504342852,0.17718532773694773,0.3954692099367587,0.7405248899841236,0.7826027844577674,0.7949241744320339,0.09577836987777168
242,0.548545326810067,0.5603946465465292,0.31882888072926424,0.566414548096416,0.933208076222809,0.36538314780098546,0.4176260004638921,0.7395709585674566,0.7826027844577674,0.7949241744320339,0.10527073442484625
243,0.5416111859308463,0.5533178940964519,0.30609137732156694,0.5592207765693056,0.933208076222809,0.36538314780098546,0.36821038739171613,0.738375322250896,0.7702759737219802,0.8012743340298318,0.10052455215130895
244,0.5435133825875454,0.5244098307276355,0.2900875292883807,0.530045481028675,0.8569316661615693,0.31853277369477584,0.3958984937834545,0.7372943619387994,0.8030990103913833,0.8389006604263913,0.11159897745622929
245,0.532795138492598,0.5415372441537087,0.2913469532355965,0.5472244761147858,0.8569316661615693,0.31853277369477584,0.33219407145218144,0.7362927483630052,0.8307388208221251,0.8730001308121336,0.1147630989719208
246,0.512327502466515,0.5227791462635114,0.30484876748174905,0.5282752737445211,0.4084462888479887,0.07049455016009426,0.37934491278387555,0.7353559462884771,0.8627992989602853,0.8997940583310189,0.1147630989719208
247,0.48433832723362275,0.4860903137865486,0.23846523088008628,0.4912915249827198,0.4084462888479887,0.07049455016009426,0.32785893753594886,0.7343292563440227,0.8334801312061622,0.864042647553638,0.09736043063561745
248,0.5185261273051455,0.49384338216501583,0.2893207027842406,0.4990288803710572,0.8424245131306889,0.20429019360618483,0.34911921261268997,0.7343292563440227,0.8334801312061622,0.864042647553638,0.10685279518269201
249,0.5129514229699124,0.5193505276466349,0.3238224986151022,0.5246407201720474,0.8424245131306889,0.20429019360618483,0.3369054410789124,0.7333852484164314,0.8334801312061622,0.864042647553638,0.12109134200330385
250,0.5409416127076883,0.5038747048957642,0.3364453349706859,0.5090114844330537,0.8113585320884542,0.2706770409940773,0.40868253324734505,0.732314870414262,0.7941397786851705,0.8329266731536424,0.14640431412883603
251,0.5601867703490658,0.5396974975787995,0.3937793555600536,0.5449927102991216,0.8113585320884542,0.2706770409940773,0.3690787798744228,0.7310579225822088,0.7917526003943984,0.8181793539279665,0.15008652020917831
252,0.5875784022055337,0.5769784984845611,0.4156671521173526,0.5824230378896881,0.8428511191212271,0.21150355857126268,0.4145194183259414,0.7299556329450448,0.8053046904441179,0.8331298866551335,0.15008652020917831
253,0.552846827516416,0.5676543283435433,0.3201517123525878,0.5729807680851211,0.8428511191212271,0.21150355857126268,0.38972024264174976,0.7290533777889173,0.8197917512707371,0.8559294971567597,0.12985048497606352
254,0.5567019460739929,0.532453495440094,0.3660068364276618,0.5375105681369027,0.7936591458643576,0.16645154868357748,0.36997937595376457,0.7280535759704647,0.8197917512707371,0.8559294971567597,0.15008652020917831
255,0.5460344272232242,0.5617692299249415,0.36251582350524153,0.5669226000814114,0.7936591458643576,0.16645154868357748,0.36402640614385456,0.7267493577423164,0.8197917512707371,0.8559294971567597,0.13996850259262092
256,0.5046730631199577,0.5158382841854444,0.30520444390703744,0.5206772736877858,0.9268396988557623,0.2473912105778323,0.2990641299274083,0.7267493577423164,0.8197917512707371,0.8559294971567597,0.15008652020917831
257,0.5001432988148047,0.512310361065945,0.3793835124320553,0.5170659578282017,0.9268396988557623,0.2473912105778323,0.38364859570415183,0.7256253681933563,0.8188658664862172,0.8542271905960763,0.1703225554422931
258,0.46381083541940904,0.4771999475254101,0.33097507369252577,0.48172003891867954,0.8814991667312881,0.1969606981103904,0.3220327990438488,0.7251172114353347,0.7893015985473935,0.8267492974968713,0.1602045378257357
259,0.43540114791227574,0.4303533097406741,0.23803604111311846,0.43456958308454646,0.8814991667312881,0.1969606981103904,0.33483180900769144,0.7238997928543713,0.7569053819102987,0.8040920413758077,0.15008652020917831
260,0.4367935558649796,0.4475099918622573,0.2615414537086065,0.4517566321876682,0.8433421732105675,0.07825538762712148,0.28576879945055017,0.7228304030834792,0.7506059082662695,0.8005838977958504,0.1703225554422931
261,0.41803586782015867,0.40587527249939503,0.2559036318947026,0.40986163483716875,0.8433421732105675,0.07825538762712148,0.27282521450036157,0.7218272659844659,0.7175198210369755,0.7638395040051595,0.15008652020917831
262,0.4437241459771077,0.4315862535390295,0.32556361878742596,0.4356470043382443,0.9448616986756317,0.179959188413491,0.2638533485275315,0.7208040348494819,0.7175198210369755,0.7638395040051595,0.1703225554422931
263,0.42416601357914785,0.43760097046631824,0.2837307646240133,0.4416413178650258,0.9448616986756317,0.179959188413491,0.2465890299346481,0.7197303215667518,0.7175198210369755,0.7638395040051595,0.21079462590852271
264,0.41512626781407175,0.41296352336556547,0.3913189055117763,0.4168462819604571,0.9383107230620538,0.2989398941553163,0.26532191745562805,0.7184737854977307,0.6825274482843597,0.734252002929632,0.2411486787581949
265,0.41260725218816025,0.37928936652612466,0.3838660416569632,0.3829786843378298,0.9383107230620538,0.2989398941553163,0.30811565114278927,0.7184737854977307,0.773897738928635,0.82673670595461,0.29173876684098193
266,0.3792092441684991,0.38622500205142196,0.5867235171006981,0.3899040817967124,0.9837571763254487,0.30771272624715895,0.297734629019277,0.7172500257660717,0.7861336897406184,0.8284755629643568,0.4637450663224578
267,0.40528912121050725,0.34447895711456655,0.3887378755219552,0.3479306806293427,0.9837571763254487,0.30771272624715895,0.34750651429128687,0.716035365997424,0.7441974027136755,0.7777047157424357,0.3625648901568837
268,0.4544941298211175,0.4135603956918571,0.29585595070373555,0.41724185982672124,0.8281709849948415,0.23646830466015234,0.3379617868047666,0.7148916941755254,0.8469413613320773,0.8829329339482668,0.20067660829196532
269,0.45935766623296587,0.46048961301035324,0.3038450813777433,0.4643011740968985,0.8281709849948415,0.23646830466015234,0.3721429103283298,0.7136253581463383,0.8469413613320773,0.8829329339482668,0.23103066114163756
270,0.4447249550447524,0.4425019089983991,0.5332681154619622,0.44618712525448784,0.912284756455054,0.4447500705078222,0.3526319940140769,0.7122871282917315,0.8469413613320773,0.8829329339482668,0.37268290777344115
271,0.5028824620004515,0.4602612126543205,0.41704711300327996,0.4639540287138851,0.912284756455054,0.4447500705078222,0.28593851590385494,0.7109417749366678,0.9012680610414696,0.9425440931326425,0.27150273160786714
272,0.5075897646602298,0.515169285430932,0.33649070295867756,0.5190028459072268,0.8148962905817105,0.37488926124392385,0.406079075110065,0.7109417749366678,0.9029292463800909,0.9392024377225818,0.21079462590852271
273,0.5545410506719828,0.5091692028513981,0.36154907683411247,0.5129344114972811,0.8148962905817105,0.37488926124392385,0.3970319158907468,0.709342775553777,0.9016764874794472,0.9327107981568779,0.20067660829196532
274,0.5833732794631241,0.5713704073627495,0.2972757967165466,0.5752787110608605,0.8786453918948443,0.2980340760157274,0.44466533224165783,0.7078468816341458,0.9299064441957738,0.965177040581841,0.18044057305885053
275,0.5917277271793467,0.5969752893811605,0.349475537155886,0.6009028608940596,0.8786453918948443,0.2980340760157274,0.4353238452099708,0.7064265050546177,0.9474616895225543,0.9810462312464716,0.1703225554422931
276,0.5701492083057516,0.5789123230093237,0.31726162100760436,0.5827119253688754,0.8956721310103115,0.3213033163561557,0.4166935215468447,0.705077198774445,0.9474616895225543,0.9810462312464716,0.18044057305885053
277,0.5722695235124189,0.5648372164007135,0.4080937513238279,0.5685229469593794,0.8956721310103115,0.3213033163561557,0.43911887578015935,0.703715992542642,0.9474616895225543,0.9810462312464716,0.22091264352508017
278,0.578813080011464,0.5694365828379868,0.3714309126640181,0.5730695879534508,0.9357777166713708,0.4207243227101548,0.49968142448284775,0.7023574627705483,0.9169442788220699,0.9609962987861052,0.21079462590852271
279,0.5643918930914754,0.5746631356076155,0.41627396508280357,0.5782405906878838,0.9357777166713708,0.4207243227101548,0.5009404380894796,0.7012158909401138,0.9153921253920134,0.9484007342268199,0.22091264352508017
280,0.5581121078621594,0.5490007615087386,0.4044994025955839,0.5524311946130348,0.951962813051374,0.4045954510012111,0.450484781988031,0.7008132278709385,0.916835246913505,0.9447019686876323,0.25126669637475235
281,0.587979131634545,0.5522934897536046,0.4413201906581364,0.5556590607852097,0.951962813051374,0.4045954510012111,0.553111097401253,0.6991630875194501,0.911243815846436,0.9450412407985553,0.25126669637475235
282,0.6351282460985948,0.5872434481241119,0.41602996701278944,0.5906211584160249,0.9893775089075434,0.38816795792756775,0.6199011522395512,0.6975444882162273,0.8906660375909667,0.9322478840962523,0.22091264352508017
283,0.645633444167992,0.6551415951543584,0.4944144115090598,0.6585892507899603,0.9893775089075434,0.38816795792756775,0.5230235216664335,0.6959570181982377,0.8906660375909667,0.9322478840962523,0.23103066114163756
284,0.5893182780808611,0.5876249864762947,0.4498451581230166,0.5908372812892894,0.9077207752264265,0.6167261144383429,0.5766439576144224,0.6938942089358919,0.8906660375909667,0.9322478840962523,0.28162074922442454
285,0.595126318539316,0.5806998040565367,0.6295835369145084,0.583824053909606,0.9077207752264265,0.6167261144383429,0.554064661496839,0.6920292518105118,0.8795283838091605,0.9274207764644486,0.39291894300655594
286,0.573349971213424,0.5657361834770898,0.7895927323176289,0.5687554219556354,0.9065562189820695,0.597581166945933,0.5188786235966488,0.6900639068578844,0.8836403493852161,0.9361813419925833,0.5649252424880318
287,0.6831751973846065,0.5815151462885988,0.7905670044843965,0.5844893701461139,0.9065562189820695,0.597581166945933,0.6011027335250794,0.6900639068578844,0.859912612698162,0.9072786809100328,0.42327299585622813
288,0.7137320844778218,0.7032572399515603,0.5342718015659679,0.7063614429267506,0.907440712471276,0.3696998855284769,0.6058631156886551,0.6881034618853402,0.8688264144424731,0.9082036346186266,0.21079462590852271
289,0.7170951681668658,0.7007589477276778,0.4642788007405359,0.703778050801123,0.907440712471276,0.3696998855284769,0.6255176021891853,0.6862293636206455,0.8688264144424731,0.9082036346186266,0.20067660829196532
290,0.7245872867320516,0.7315015311186339,0.534809336968713,0.7344787351089617,0.9133187824880373,0.5855234998423943,0.7145521079273566,0.6842365128974681,0.8688264144424731,0.9082036346186266,0.22091264352508017
291,0.7027957218329061,0.7116615368051233,0.5055010576892623,0.7145307160489568,0.9133187824880373,0.5855234998423943,0.7504157174078684,0.68246778479271,0.8688264144424731,0.9082036346186266,0.26138471399130975
292,0.7428128669654384,0.6816193114852974,0.6931513125666793,0.68435545681164,0.9184864218194919,0.7424722530981966,0.768229474624207,0.6813639304560238,0.8518704013936582,0.8877474500378095,0.3119748020740967
293,0.7405048683553102,0.7635455261492274,0.7757428101446587,0.7662664474221972,0.9184864218194919,0.7424722530981966,0.7476812862641236,0.6788833875975245,0.834324242059258,0.8693380906045409,0.28162074922442454
294,0.7670950413537554,0.7437943832328006,0.6984384677852483,0.7464013085702706,0.907426892317609,0.7367619490021069,0.7678825198344745,0.6765411147652335,0.837101896412817,0.870830713010071,0.27150273160786714
295,0.8198695853972169,0.7738313819998568,0.7720934177911736,0.7763679052239337,0.907426892317609,0.7367619490021069,0.8209654137418397,0.674164089133026,0.8338522136746178,0.8616259458521711,0.28162074922442454
296,0.8727100722581104,0.8421685594627522,0.6650945017104837,0.8446518027908136,0.913231442587378,0.7804767987789705,0.879727465443868,0.6719315923251159,0.8297129901214211,0.8627782468515897,0.25126669637475235
297,0.8794463846850344,0.8970160042272359,0.7679233471451734,0.8994253326941389,0.913231442587378,0.7804767987789705,0.7778224187722919,0.6695736724976018,0.8297129901214211,0.8627782468515897,0.25126669637475235
298,0.8790811629269482,0.8919201152768479,1.0,0.8942126929153629,0.929679439836266,1.0,0.7961339800370268,0.6666543549520042,0.8297129901214211,0.8627782468515897,0.28162074922442454
299,0.779380695493823,0.7962585199343336,0.9135870127339927,0.7984237551386549,0.929679439836266,1.0,0.740403550499772,0.6666543549520042,0.8123212926574874,0.8430133729174114,0.29173876684098193
300,0.7709146522404072,0.7754463868056721,0.7073372158677814,0.777505889940309,0.8938260518132091,0.7211938218557659,0.7583868957450204,0.6641924237825598,0.8024000538068035,0.8293629169286987,0.30185678445753933
301,0.7644116759367051,0.7640054627929549,0.7062747448921315,0.765971370084867,0.8938260518132091,0.7211938218557659,0.6012593604859394,0.6624560190758283,0.7867420080109642,0.8205280263247177,0.30185678445753933
302,0.6968253605930796,0.6947588651481441,0.43098101970757513,0.6966307181521773,0.8875088672849827,0.5534416112281633,0.6605403043743074,0.6611294009387291,0.766590828178233,0.8111452287498484,0.25126669637475235
303,0.7102776953492561,0.7208498165741306,0.5084658879566434,0.7226323228484395,0.8875088672849827,0.5534416112281633,0.6262253150664263,0.6596145659196173,0.766590828178233,0.8111452287498484,0.27150273160786714
304,0.7257235322016532,0.6579116681222617,0.6057388104713916,0.6596240705622207,0.903184850067368,0.7638104086135673,0.7579643957789683,0.6576459680390357,0.766590828178233,0.8111452287498484,0.3220928196906541
305,0.7560115755007216,0.7469721273167349,0.5458078273428654,0.7485751795938118,0.903184850067368,0.7638104086135673,0.6906168988579044,0.6554179594481766,0.766590828178233,0.8111452287498484,0.3220928196906541
306,0.7869235393031874,0.7443745305902294,0.5168732856782352,0.7458842367075198,0.93226176080647,0.6105778323406938,0.7770576279463987,0.6554179594481766,0.7792352054281935,0.8217368143817796,0.3828009253899986
307,0.839804606359424,0.8087656607120551,0.5232187405977289,0.810148931871458,0.93226176080647,0.6105778323406938,0.7266585388948384,0.6531794097236934,0.7747693293684428,0.8160770910179631,0.37268290777344115
308,0.8159789591687149,0.8224226430990949,0.5638152633348277,0.8236967690858945,0.9075699509023245,0.34939695074406485,0.6083787578435721,0.6508202134307794,0.7728448718603604,0.8135619304513158,0.39291894300655594
309,0.7212140579941717,0.7140657510791525,0.4466661307483496,0.715345914230356,0.9075699509023245,0.34939695074406485,0.7025930669383796,0.6487599159229299,0.7754228559911205,0.8142647833450269,0.40303696062311334
310,0.722887991052067,0.7087973858873667,0.4847807450238935,0.710010559346706,0.9211873039931144,0.6124657829686282,0.7828640204842194,0.6464284724583854,0.7754228559911205,0.8142647833450269,0.4637450663224578
311,0.7724566996634381,0.7492195450076753,0.5483485206760644,0.7503059259151041,0.9211873039931144,0.6124657829686282,0.9590422328635547,0.6438698593289836,0.7754228559911205,0.8142647833450269,0.6256333481873763
312,0.7897134277330128,0.7038844262839158,0.9310065140038485,0.704945605945717,0.8899051229512376,0.7029513744877813,0.8157323282763369,0.6410736589300099,0.7754228559911205,0.8142647833450269,0.9999999999999999
313,0.8721064418523846,0.8069050079260672,0.6924163941640461,0.8077486005572612,0.8899051229512376,0.7029513744877813,0.7628515007507636,0.6375685672948235,0.7765393250060582,0.816792360571404,0.5042171367886873
314,0.890722606465947,0.8498515920341063,0.9289781564137138,0.8505525252659705,0.9213652672938186,0.8460905486338073,0.7789511911617175,0.6338415353852885,0.7717102308606618,0.8118104818993082,0.6863414538867207
315,0.9537791575044196,0.9100667064929988,0.7082862883748683,0.9105890905073749,0.9213652672938186,0.8460905486338073,0.9886940087181806,0.6338415353852885,0.7737253266829778,0.8143265168786125,0.4940991191721299
316,0.9635792746797336,0.9799718497867829,0.6219866565745918,0.9802864465756597,0.8933964067339693,0.890180334124127,1.0,0.6302078501551502,0.7816132977265848,0.8176797145357464,0.4637450663224578
317,1.0000000000000002,0.981362112823504,0.557948558946435,0.9815395398264988,0.8933964067339693,0.890180334124127,0.9498784891291322,0.6268170227613957,0.7685877520157884,0.8051030372898522,0.4637450663224578
318,0.981114991592291,1.0,0.5338434503542283,1.0,0.9181109532931335,0.935856130862518,0.8768329606212799,0.6237488117033595,0.7685877520157884,0.8051030372898522,0.41315497823967073
319,0.9018517250387414,0.906418572659798,0.5997503220621528,0.906480332445895,0.9181109532931335,0.935856130862518,0.8952047382373672,0.619872186284231,0.7685877520157884,0.8051030372898522,0.41315497823967073
320,0.8476619466826959,0.8466843010557115,0.5773838179765851,0.8467562803832026,0.9168299718911386,0.9985765714949317,0.8953764601881722,0.6160654370516647,0.7469841430596147,0.7922916676868146,0.4536270487059004
321,0.8764383777052407,0.83854133184063,0.5437668699228904,0.8385111764746946,0.9168299718911386,0.9985765714949317,0.777105357967523,0.6122483113906872,0.7568238295884453,0.7991656004661667,0.5143351544052448
322,0.8829667166310322,0.8911831713363303,0.6120884366656105,0.8909099504440079,0.921788165093052,0.8128307646365944,0.7959296823769575,0.6088052724444514,0.7579675565805246,0.7919460998047609,0.5851612777211466
323,0.8693774237155736,0.8661688897808872,0.5092050206368341,0.865851074188468,0.921788165093052,0.8128307646365944,0.6736085319771609,0.6055978031289296,0.7542276734729243,0.7813113181875735,0.6256333481873763
324,0.7850061250732346,0.7887427370516075,0.5629333612516679,0.788517621265533,0.9083324923782414,0.9283010103356173,0.7522918738851596,0.6018020891456258,0.7465212006673552,0.7762192635206933,0.5244531720218021
325,0.8323023427454025,0.7742547327741968,0.583006954323286,0.7739717550291157,0.9083324923782414,0.9283010103356173,0.753366431169447,0.6018020891456258,0.7465212006673552,0.7762192635206933,0.5750432601045892
326,0.9119612662035453,0.8469665349052714,0.886407846680567,0.8463681799962643,0.8996111003961038,0.8252633674535892,0.6684807536649328,0.5942135023439404,0.7465212006673552,0.7762192635206933,0.8583477533681964
327,0.8889472229196945,0.9164953663996421,0.7526413446536255,0.9155868441565003,0.8996111003961038,0.8252633674535892,0.6331297735345914,0.5902609066453736,0.7333411930860918,0.76568224123856,0.9595279295337705
328,0.7098566758225734,0.727910889365899,0.530303285194581,0.727487726264647,0.9191657615248596,0.9359656253629078,0.5199385813369981,0.5879544160205795,0.7263427628574823,0.7593633856138828,0.4637450663224578
329,0.591306707652664,0.6037907141927564,0.28836868458314674,0.6036704182438318,0.9191657615248596,0.9359656253629078,0.5143103282131303,0.5858181482332916,0.7266151210193241,0.7629208460676964,0.3423288549237689
330,0.5722948861345083,0.5902278097555699,0.2563328216616705,0.5900706839867983,0.902629904777057,0.7612223567861705,0.48162206917858114,0.5834366343840331,0.7355741311159671,0.7727174157118661,0.3423288549237689
331,0.582516022836505,0.57277112350501,0.2763182159244061,0.5725932311270748,0.902629904777057,0.7612223567861705,0.4302320920110133,0.5808571860452025,0.7380975992924448,0.7674828317818918,0.29173876684098193
332,0.5552004788463052,0.5597779133197129,0.21459362766683215,0.5595705706357019,0.9329796728176281,0.9598520165237154,0.4917421558761303,0.5782296849605159,0.7380975992924448,0.7674828317818918,0.29173876684098193
333,0.541327124563446,0.5546036260777806,0.2836593584211126,0.5543451985957207,0.9329796728176281,0.9598520165237154,0.4225966304916686,0.5749005396689828,0.7380975992924448,0.7674828317818918,0.37268290777344115
334,0.528863932068753,0.5158226045271356,0.3478095859342821,0.5156400593219,0.9275930255416089,0.910685667833502,0.428741102645109,0.570515057494678,0.742963037407363,0.7711324553297547,0.48398110155557256
335,0.5652034969983337,0.49779152012719335,0.4846337613433669,0.49761435711976065,0.9275930255416089,0.910685667833502,0.38514104218108913,0.5676732337517381,0.7234381262201683,0.7414347782594428,0.6053973129542615
336,0.49460917467491466,0.5066865902858245,0.2654209542172987,0.5064063577288904,0.9026615700564158,0.8481941702473581,0.4061495016386233,0.5676732337517381,0.7243185810427861,0.7321254313477634,0.3625648901568837
337,0.4790187708766083,0.4941193441512523,0.23621347357657077,0.49383167058581157,0.9026615700564158,0.8481941702473581,0.34367662914411296,0.565083903100135,0.7010628727403718,0.7092093490802227,0.3119748020740967
338,0.4640335192413533,0.4686242197410033,0.22874927847546778,0.4683844078613664,0.9033407598435799,0.7069562187899199,0.32801950004228597,0.5632383811898741,0.7019705855401308,0.7071688197038049,0.23103066114163756
339,0.426902133250144,0.440420173030256,0.18114716434147207,0.44025350599171686,0.9033407598435799,0.7069562187899199,0.302604728965455,0.5618196104861715,0.7019705855401308,0.7071688197038049,0.15008652020917831
340,0.40576188048625217,0.4123415635859797,0.2112386542041386,0.41225221143354,0.916580236287148,0.7584451780944639,0.3184390397544348,0.5602066111601863,0.7019705855401308,0.7071688197038049,0.13996850259262092
341,0.4003464534177401,0.40110865637349363,0.17623878881980143,0.4010246431394516,0.916580236287148,0.7584451780944639,0.24889085172886155,0.5584239242886372,0.6971235410195438,0.7043205079148336,0.15008652020917831
342,0.4021147354298077,0.41233424641210215,0.15139248341145758,0.4121459389671273,0.9151145914803815,0.8211025764387743,0.35067204164940086,0.5566971548368589,0.6971235410195438,0.7043205079148336,0.1602045378257357
343,0.40446838675969676,0.402806763368346,0.1784405875829858,0.4026191091504796,0.9151145914803815,0.8211025764387743,0.36670358685421744,0.554784433199745,0.6988935366571591,0.7101092945868259,0.19055859067540792
344,0.4038698288783888,0.40956887734169156,0.14529985289329106,0.4092922236533492,0.8961990163237525,0.4686099175473232,0.3153036471148739,0.554784433199745,0.6835621433678738,0.695738147686199,0.18044057305885053
345,0.39195193275861634,0.4009894909703461,0.1310580996638437,0.4007017074171877,0.8961990163237525,0.4686099175473232,0.27018835271067354,0.5533144803511416,0.6805759544087064,0.68928323345209,0.13996850259262092
346,0.3809486127913848,0.3881144008776427,0.15280602950934843,0.38784540684808144,0.8838035283998409,0.6071768667982813,0.34045871237541353,0.550947995852558,0.6805759544087064,0.68928323345209,0.13996850259262092
347,0.3870153519951507,0.383872530649812,0.1941492211729844,0.38355968884429575,0.8838035283998409,0.6071768667982813,0.3313667760128257,0.5493622552393037,0.6805759544087064,0.68928323345209,0.19055859067540792
348,0.3851278656592633,0.39237613200599797,0.2139767090358096,0.39199227981306234,0.9004838280164502,0.6575144748411501,0.3222981154133289,0.5493622552393037,0.6867391381670296,0.6982478868943731,0.1703225554422931
349,0.3534179937658675,0.3633086587777079,0.175218320860522,0.36304392728941354,0.9004838280164502,0.6575144748411501,0.2564731478522926,0.5477852028260285,0.6676592189969042,0.6814967636238738,0.1602045378257357
350,0.32413583205886154,0.3277790757050489,0.133065041843533,0.32767798020923034,0.8944418561966672,0.6160757834663304,0.29140761848238084,0.5461666858754121,0.680594126393467,0.693870402250808,0.1602045378257357
351,0.3264798455923567,0.32379330656293004,0.261827444044283,0.3236827308113213,0.8944418561966672,0.6160757834663304,0.1511802393001623,0.5439782065356428,0.6860131452148788,0.6965770591893425,0.20067660829196532
352,0.3170378486409439,0.2919416486742587,0.3749660464922957,0.29198718745747987,0.9185690009028022,0.23561557476317663,0.13844197033963776,0.5423176897557433,0.6837075192459601,0.6950111610031542,0.23103066114163756
353,0.3296227817216655,0.31324141917632664,0.20494235152187196,0.3131390805954889,0.9185690009028022,0.23561557476317663,0.2095773707401799,0.5423176897557433,0.6837075192459601,0.6950111610031542,0.19055859067540792
354,0.3518835551294635,0.3268586797623173,0.217522765583471,0.3266528920493014,0.8695376366609304,0.722192544419928,0.28368350011020776,0.5411383592552573,0.6837075192459601,0.6950111610031542,0.19055859067540792
355,0.3587228398020701,0.35432107863505435,0.13428877344000648,0.35391295576378007,0.8695376366609304,0.722192544419928,0.2711889283172109,0.5393805428708522,0.6858134749920803,0.6985684465744357,0.1602045378257357
356,0.37544137303090946,0.3708427345951277,0.19207173284703885,0.3702866024967178,0.8718619889077486,0.7034623488229341,0.2765093323193688,0.537608397132927,0.6946725391725388,0.7076495717826334,0.1703225554422931
357,0.34890699780106066,0.3543628910572114,0.09649709968372377,0.35387160314099836,0.8718619889077486,0.7034623488229341,0.22862081012221228,0.5355676583691062,0.6912777021658236,0.7071007903990887,0.15008652020917831
358,0.35866907104324075,0.34800635757878895,0.12948664716604244,0.34751398484921603,0.8957305547748371,0.4250543324982995,0.24986428247387588,0.5337020012465714,0.6917224725733226,0.7063118952999268,0.1703225554422931
359,0.3673791027211557,0.3681102928071658,0.09876776748270787,0.3674468982368296,0.8957305547748371,0.4250543324982995,0.24416170552455663,0.5321210370844904,0.6887362836141553,0.7054854004565134,0.15008652020917831
360,0.3610577227916131,0.36667508141662575,0.10310962369271734,0.3659813259179976,0.901502847106922,0.5108913847736284,0.21751151369635882,0.5304484968240512,0.6887362836141553,0.7054854004565134,0.1602045378257357
361,0.3594563268328933,0.3576754802026021,0.14031967339252172,0.3570053431623538,0.901502847106922,0.5108913847736284,0.2644318743358981,0.5283607758982579,0.6887362836141553,0.7054854004565134,0.20067660829196532
362,0.35469018288986787,0.35091963809258,0.19423741998186683,0.3502639575316825,0.8966364327288756,0.3920732617748063,0.178000603198636,0.5266223123763656,0.681483667208465,0.7034322795378343,0.23103066114163756
363,0.32425402187779784,0.33465512852877244,0.11934151574516416,0.3340709975198742,0.8966364327288756,0.3920732617748063,0.21430719691739833,0.5248402843256678,0.681038896800966,0.6961571662314421,0.1703225554422931
364,0.30919471138604193,0.3190324396450752,0.09586884980641136,0.3185210848705667,0.8749820961198245,0.6385652902433765,0.21965723468049794,0.5248402843256678,0.677317185678127,0.6909844907175848,0.12985048497606352
365,0.29623745501304904,0.3013734858023307,0.0732239131329297,0.30095637740968145,0.8749820961198245,0.6385652902433765,0.23269776025082356,0.5220506721352092,0.6751115056253929,0.6884326048193425,0.11973246735950613
366,0.2983029869560035,0.3025923179082082,0.11886780729614098,0.3021310881174024,0.8446431679072324,0.2768651392736865,0.11480019587402455,0.5207264422236966,0.6825910502310224,0.6960837155682527,0.09949643212639131
367,0.27907862666473915,0.28164638502864414,0.05776011079281946,0.2813056577489511,0.8446431679072324,0.2768651392736865,0.13914858127569227,0.5193411066782075,0.6825910502310224,0.6960837155682527,0.08937841450983391
368,0.28474311468216834,0.2830998893538778,0.07061938747065462,0.28272911394813727,0.440973111211201,0.47183502828607926,0.24087675050660018,0.517892400802065,0.6825910502310224,0.6960837155682527,0.09949643212639131
369,0.2841552091021378,0.2895771562012787,0.07880462181029188,0.28913360257121,0.440973111211201,0.47183502828607926,0.24069240432266575,0.5165535533029098,0.6638284759655004,0.6930993451698495,0.11973246735950613
370,0.2728703640297149,0.28152669697021965,0.08140620715391395,0.281104012553395,0.8933044018970415,0.7418982364749407,0.2156725979498379,0.515465016551021,0.6608784093662843,0.6867063393518571,0.11973246735950613
371,0.28206127102244344,0.2698108562818199,0.11368814840741293,0.2694394157658323,0.8933044018970415,0.7418982364749407,0.23591797067279657,0.5139756696636015,0.6717527909786289,0.6967615602599733,0.13996850259262092
372,0.2891663559745461,0.29090940450225705,0.09966772000469185,0.29033257763649395,0.8409491336236761,0.5491580536523052,0.2528223541469151,0.512206282737992,0.6679858715034581,0.681736877339491,0.11973246735950613
373,0.2892003418881458,0.2949913422153371,0.08424674848547233,0.29434140498722255,0.8409491336236761,0.5491580536523052,0.213237144277064,0.5105237778121737,0.6772717557162249,0.6866320142760107,0.10961444974294873
374,0.2952173703526165,0.2962028571473371,0.09148961338449499,0.2954995489964582,0.8229622943376498,0.6263948106242845,0.24836771208382907,0.5088035965689104,0.6772717557162249,0.6866320142760107,0.13996850259262092
375,0.28838112919466063,0.29514970676425684,0.09767673187575605,0.29441982104997355,0.8229622943376498,0.6263948106242845,0.2386743243536421,0.5072449499631739,0.6772717557162249,0.6866320142760107,0.11973246735950613
376,0.272364126092812,0.27931691045922064,0.07357625146336706,0.2786809352867363,0.8588798018215498,0.6833651309786486,0.19542880203512264,0.5055309863416967,0.6653717650127464,0.6718049486160147,0.09949643212639131
377,0.2652357075283871,0.27315846333076704,0.09955978289582063,0.2725369080487301,0.8588798018215498,0.6833651309786486,0.21643272012188094,0.5055309863416967,0.6646092064815039,0.6713179007660555,0.10961444974294873
378,0.2752047397668161,0.2739330384512261,0.07529930507080454,0.27327134340056203,0.7126855855744847,0.6340793337425552,0.2325912723257001,0.5038626872404889,0.6628846408057902,0.6569771834258928,0.09949643212639131
379,0.27398124687722714,0.2802090830169962,0.08313136252477615,0.2794553282994617,0.7126855855744847,0.6340793337425552,0.254901545255126,0.5022575937647218,0.6613231797737833,0.6533527429625521,0.10961444974294873
380,0.27784904674584876,0.2777316970041922,0.08178626080971685,0.2769620374235859,0.8672330256922174,0.5624599764420923,0.19383008209813116,0.5009666754825132,0.6572657301520097,0.6457203446445023,0.10961444974294873
381,0.2770993276368884,0.2857596820583419,0.06889339354456413,0.28487300278156075,0.8672330256922174,0.5624599764420923,0.18594573567248812,0.49934012915276915,0.6572657301520097,0.6457203446445023,0.10961444974294873
382,0.2772312132717529,0.27611251095616124,0.15063447248792247,0.27528363270680944,0.800291672587494,0.5625396088060123,0.1886971846047606,0.4977047299178331,0.6572657301520097,0.6457203446445023,0.1703225554422931
383,0.25727640946431607,0.2656437257585949,0.11603609229589566,0.26488324151403764,0.800291672587494,0.5625396088060123,0.150839984299439,0.49693123306187026,0.6552324623449328,0.6429704917207111,0.12985048497606352
384,0.2282017140060008,0.23321662440998747,0.05013214478056212,0.2327329636870052,0.7808440240851173,0.5955107254840155,0.17445859865369603,0.4957735201205741,0.6591447576981899,0.645825099280813,0.0792603968932765
385,0.23065884483401436,0.23089133108277968,0.06587437433323226,0.23040392615219435,0.7808440240851173,0.5955107254840155,0.17396635318002604,0.49552510348325585,0.6549691901754717,0.6420455380121173,0.0792603968932765
386,0.22845432572201047,0.23037024377164775,0.08147969899417726,0.2298573808095978,0.4879617473728626,0.38078205617399674,0.18661287418731942,0.4942366146029371,0.6496046873083423,0.6358127245928908,0.0792603968932765
387,0.21554120031145305,0.22192727042758947,0.05397846322884292,0.22146854695522447,0.4879617473728626,0.38078205617399674,0.15109843568854509,0.49312077796201426,0.653780254831061,0.6369408918029758,0.059024361660161714
388,0.20639746779581064,0.21233184219782816,0.03688895494273234,0.21193607760676297,0.716601603488298,0.5311345952851004,0.1542857756548788,0.4920168412727216,0.653780254831061,0.6369408918029758,0.059024361660161714
389,0.20484476807150234,0.2094007914046204,0.04373463493266661,0.20900762093836392,0.716601603488298,0.5311345952851004,0.12084045218560834,0.4910129218239472,0.653780254831061,0.6369408918029758,0.059024361660161714
390,0.2022765489587376,0.20718473303029777,0.04759103216974889,0.20678652464613373,0.595022394359199,0.3623372098810491,0.1252689345611111,0.49014179595305285,0.6562673790380171,0.6370949633131426,0.06914237927671911
391,0.2017525571863722,0.20200783251198054,0.04570126195715,0.20164255581023743,0.595022394359199,0.3623372098810491,0.17684902884144346,0.4893305404270386,0.643259783702411,0.6269098046841937,0.06914237927671911
392,0.2058186927597323,0.20661347081257736,0.05289289435693702,0.20617841028302614,0.8354039626597629,0.5686381206762114,0.14999928444492994,0.48882032485385607,0.6403914910346185,0.6251216308005911,0.06914237927671911
393,0.20773407797991789,0.21141353687620437,0.05892799246094772,0.21089663236815426,0.8354039626597629,0.5686381206762114,0.12399405467200365,0.4875829769421349,0.6354354146054666,0.617593987118852,0.06914237927671911
394,0.20436135649447984,0.21112189523165908,0.049541280490510625,0.21058269389789352,0.5198999177630392,0.29548584037029046,0.1301369523686655,0.48660615150087827,0.6265761288154379,0.6039382846541976,0.059024361660161714
395,0.2020629956807455,0.20772306796556955,0.04950936163829562,0.20719820197336883,0.5198999177630392,0.29548584037029046,0.1560736857036426,0.4856222849117713,0.6265761288154379,0.6039382846541976,0.059024361660161714
396,0.19476870556785647,0.19854315068099368,0.05621175619127415,0.19809468669364613,0.6045006033987181,0.5055095641787083,0.1652572616555474,0.48490890545850784,0.6265761288154379,0.6039382846541976,0.06914237927671911
397,0.19804961436133117,0.19915256673393236,0.07071135440271029,0.19866999230178872,0.6045006033987181,0.5055095641787083,0.1366797688005931,0.48367073402072225,0.618134355455767,0.6017991215300682,0.06914237927671911
398,0.19453638394951828,0.20050833452237407,0.06964300278975431,0.1999818921846816,0.7778522556438505,0.46460507324518474,0.11818810866799938,0.4831478361461483,0.61539304507173,0.5981738066540705,0.06914237927671911
399,0.18235420930757507,0.18439382702305485,0.042634369842849656,0.1840239748010432,0.7778522556438505,0.46460507324518474,0.10780785948476387,0.48201795838582795,0.6061344188361044,0.5931245982073841,0.06914237927671911
400,0.1813579655119065,0.18615622061697365,0.05651244274486173,0.18574621344388456,0.3302186943589527,0.20456890687990448,0.11339954874091472,0.4809722449892865,0.6059708709732572,0.5941784403416224,0.06914237927671911
401,0.17354120538397744,0.17344367631540572,0.031055308981608427,0.1731600190451125,0.3302186943589527,0.20456890687990448,0.13572576335531034,0.48001765475176805,0.6110178073262129,0.5989688226418315,0.06137230438765748
402,0.174710929514737,0.17916988752981095,0.037778659352262975,0.17879885066304566,0.5430463921397035,0.3450470328649402,0.10775559336683603,0.47893817678658723,0.6110178073262129,0.5989688226418315,0.06137230438765748
403,0.1716197331344904,0.1707185517013213,0.04897938398331307,0.17042196679765753,0.5430463921397035,0.3450470328649402,0.14153985549633855,0.47779615201681735,0.6110178073262129,0.5989688226418315,0.08227918040005676
404,0.17964193050134297,0.17073632198073804,0.05807759532774282,0.17041988163039232,0.7573563054324173,0.3719494998092141,0.10062660628531958,0.47779615201681735,0.6095474278275801,0.5998320428168398,0.08227918040005676
405,0.18547381182456169,0.18510463819972434,0.04977729078443991,0.1845923343063818,0.7573563054324173,0.3719494998092141,0.13780197788175305,0.47220745708615974,0.6164822561095264,0.6046098335747876,0.08227918040005676
406,0.1886532701296791,0.18609872853650772,0.06448182436817264,0.18555609852540525,0.7042279032298722,0.3138211921628482,0.11617616375673355,0.47220745708615974,0.6150389129784646,0.6008680469328749,0.09273261840625642
407,0.18790050750606804,0.19342792348535806,0.08040756850733999,0.1927732871608605,0.7042279032298722,0.3138211921628482,0.1430940285906208,0.47220745708615974,0.6125156664115572,0.5973355946810526,0.10318605641245607
408,0.1668789518135543,0.16821921416688487,0.05084060031531814,0.1678517808902519,0.3951189907600461,0.34717719859979757,0.13913139495996946,0.47220745708615974,0.6092114677190756,0.5916937093354393,0.09273261840625642
409,0.17418490873260445,0.17042272881456033,0.07516617905296068,0.17000340119521554,0.3951189907600461,0.34717719859979757,0.1404022422511876,0.47220745708615974,0.6092114677190756,0.5916937093354393,0.1136394944186557
410,0.17036073257397644,0.17107500260021,0.17300055729587607,0.1706239759958661,0.5435488096661256,0.47927070026710017,0.126277909531442,0.47111356741485244,0.6092114677190756,0.5916937093354393,0.1763601224558536
411,0.1798539620220097,0.14585322689981273,0.11287386827791847,0.14569473797334867,0.5435488096661256,0.47927070026710017,0.16697701343511726,0.4701061068040011,0.605027035813547,0.5858862102325866,0.15545324644345432
412,0.19057626413649148,0.18388371547273907,0.09200657193202305,0.183219499300979,0.41002592137857863,0.439992036763608,0.17797395123092033,0.4690474228719458,0.6075232460128839,0.5818299847992103,0.12409293242485536
413,0.20136400181596376,0.19685706475751147,0.07710340826626794,0.19599714347530486,0.41002592137857863,0.439992036763608,0.16648417358070902,0.46764339328479554,0.6058075447199802,0.5783092496769919,0.09273261840625642
414,0.19715482105401988,0.1984490727311404,0.06420255860038446,0.1975377046270732,0.5169534847580797,0.23099026162549563,0.13309893911471665,0.46651837432825494,0.5982101038229755,0.5728034229408105,0.09273261840625642
415,0.19633155034100047,0.19644573505454166,0.06931586411899765,0.19553298972048785,0.5169534847580797,0.23099026162549563,0.1657547788835348,0.4653451790969485,0.5739921667665202,0.5495606601046077,0.08227918040005676
416,0.19954651631704293,0.20183535627058283,0.057017220740163584,0.20082890692122196,0.7059796114920898,0.5171624334323208,0.17483422627346001,0.46410766648001445,0.5739921667665202,0.5495606601046077,0.08227918040005676
417,0.21741093281187784,0.20197595054008582,0.11222631012893944,0.20094014617169437,0.7059796114920898,0.5171624334323208,0.1943571006623072,0.46410766648001445,0.5739921667665202,0.5495606601046077,0.10318605641245607
418,0.21710861035657314,0.22137325583400885,0.07626728807335995,0.22004661084023638,0.6927141178468488,0.5063357499543772,0.17984225595279887,0.4624725143028977,0.577323623436143,0.5483957675629278,0.09273261840625642
419,0.21519170337906215,0.2212290029775671,0.09001979808064478,0.2198727992014101,0.6927141178468488,0.5063357499543772,0.2111541017981724,0.4613892481178209,0.5777229638817398,0.5504427675930077,0.10318605641245607
420,0.2055838348791852,0.2096997502230431,0.11210367680215716,0.20847325562102115,0.7271897522058963,0.48329213464505527,0.18437318200909342,0.45987733661623764,0.5707427056378913,0.5455780602169522,0.1136394944186557
421,0.2138921226232053,0.20237107792946976,0.12425534187581863,0.20121286800421184,0.7271897522058963,0.48329213464505527,0.16855886585270283,0.4583963896946748,0.5877168906714672,0.5665527715033811,0.1136394944186557
422,0.22010342877288028,0.22048892310538767,0.07998678041871705,0.2190476804859197,0.5532949652405752,0.3755595003069164,0.18144160062239634,0.4569940895122597,0.5877168906714672,0.5665527715033811,0.09273261840625642
423,0.23334068849373926,0.22026993054434027,0.11311869415245276,0.2188044875372136,0.5532949652405752,0.3755595003069164,0.21503925842410496,0.4557675297919819,0.5877168906714672,0.5665527715033811,0.10318605641245607
424,0.22912897146958644,0.23664158443992522,0.10795079653833678,0.2349129913948445,0.8062980553075807,0.5212635001741958,0.19837805695552535,0.4543087357215506,0.5877168906714672,0.5665527715033811,0.1136394944186557
425,0.22121786238748511,0.22678326060585155,0.08047980251476088,0.22516343497901026,0.8062980553075807,0.5212635001741958,0.19428429151672,0.4528405946302889,0.5832689649869067,0.5630194448389017,0.10318605641245607
426,0.2156619263925982,0.21956591388627125,0.08018247555744046,0.2180213555886074,0.8305307964698567,0.5225641621182209,0.18162355371476843,0.45159982908540064,0.5705066914455714,0.5580347680463031,0.09273261840625642
427,0.21561931718748814,0.22028299692626432,0.1032053694986543,0.21869754651611614,0.8305307964698567,0.5225641621182209,0.14468224034639207,0.45159982908540064,0.5602585784787633,0.5556117705737056,0.09273261840625642
428,0.2043709942908738,0.21002013790782137,0.08108452984284917,0.20856004653912033,0.8197226533989637,0.45877532060321513,0.16744824640236688,0.4502031288802232,0.5583886369249633,0.5505107968977236,0.07182574239385711
429,0.20501317588217544,0.21003163632391456,0.06336811551793303,0.20854884692886042,0.8197226533989637,0.45877532060321513,0.12302861178538153,0.4489689103675467,0.5573085118795471,0.5509826299674507,0.07182574239385711
430,0.2031206170218702,0.2084385830397317,0.062282546646027136,0.20695351248520308,0.7287991732084609,0.2805249099988387,0.11985711974442094,0.44773399185771545,0.5573085118795471,0.5509826299674507,0.07182574239385711
431,0.20699704018200218,0.20944208117150045,0.07136857743823066,0.2079242904911442,0.7287991732084609,0.2805249099988387,0.11557645697898657,0.4464283324589545,0.5573085118795471,0.5509826299674507,0.08227918040005676
432,0.20297402106619394,0.20751243788895352,0.08437777273989146,0.2060064546630307,0.8134337248958887,0.6374272110423544,0.17869129158089503,0.44570799421044704,0.5536049727414687,0.5482723004957568,0.08227918040005676
433,0.19685604936580764,0.19793948383610158,0.09832303219189265,0.1965614049812315,0.8134337248958887,0.6374272110423544,0.0930260286022571,0.4450118676282322,0.5582071386869254,0.5508411499995451,0.09273261840625642
434,0.19041292885023628,0.19527394192359096,0.15688163368367017,0.1939111367706858,0.7987441334412806,0.3754300977155466,0.11286312913994241,0.4436852083148297,0.565895439507734,0.5587028193162651,0.09273261840625642
435,0.18941769955945129,0.19011115309775167,0.11642580546288589,0.18881400185864966,0.7987441334412806,0.3754300977155466,0.12443811007516235,0.4422172319287808,0.5439833500297677,0.5411404159825843,0.08227918040005676
436,0.19383840458962012,0.19460180723741666,0.08740224793556119,0.19321730656005323,0.7840425624888885,0.47516963352522523,0.15073453638785783,0.44085849627517104,0.5414235378837682,0.5385222496049402,0.08227918040005676
437,0.19622096930869104,0.20014404379433096,0.12377197929096213,0.1986522918858326,0.7840425624888885,0.47516963352522523,0.15086380642463446,0.4396707246325251,0.5414235378837682,0.5385222496049402,0.09273261840625642
438,0.20265648103763562,0.19841510013813776,0.12233953344831076,0.19692562528391452,0.8019603045009527,0.7422267199761103,0.1905295988758368,0.4381530072721881,0.5414235378837682,0.5385222496049402,0.10318605641245607
439,0.20846807226318287,0.2073561639611416,0.10603078458397945,0.20570140910401263,0.8019603045009527,0.7422267199761103,0.14217357883161333,0.4368585890042058,0.545471901513161,0.5453470403929679,0.10318605641245607
440,0.20321953124801856,0.20970497677581276,0.09421676699819832,0.20798246952726163,0.7966673883325128,0.6217263632894803,0.15796818452746234,0.4354125184114692,0.5800558478277997,0.5698933776182538,0.10318605641245607
441,0.20701073599793046,0.19952887853334567,0.13562421564387844,0.19794736364251156,0.7966673883325128,0.6217263632894803,0.13188149213706427,0.43396134195713354,0.576878853028644,0.5675761840771554,0.12409293242485536
442,0.20037384504959663,0.20701330209945398,0.10223990216178375,0.20528632393601445,0.8087580599403579,0.4634835841199795,0.1388739625430007,0.43396134195713354,0.5779953220435816,0.5671034765947711,0.12409293242485536
443,0.19445218004418172,0.19384918363859016,0.131468389686051,0.19231405261153883,0.8087580599403579,0.4634835841199795,0.11822713733759048,0.43266367076119705,0.5557381864647302,0.5549806195178697,0.1136394944186557
444,0.18134122618132756,0.1839945183914552,0.09201412967978564,0.1825965829390239,0.785091478510032,0.5321366358644259,0.11942473344758515,0.4315244871563493,0.5557381864647302,0.5549806195178697,0.09273261840625642
445,0.1676352652042579,0.17175968101303135,0.08368233631258994,0.17054285149070636,0.785091478510032,0.5321366358644259,0.10094407324391881,0.43038283297330826,0.5557381864647302,0.5549806195178697,0.07182574239385711
446,0.15615766420395608,0.1576824837833134,0.06242953032655376,0.15667791976435425,0.7660327960962197,0.4556696584103389,0.10004785902516529,0.42917002613830546,0.5529151021492691,0.5536992552102751,0.07182574239385711
447,0.1546009064601135,0.15565405865342047,0.060491462558018225,0.1546657339359549,0.7660327960962197,0.4556696584103389,0.12448541305554077,0.4280085661534164,0.5854203506949287,0.5720271193839097,0.07182574239385711
448,0.1577504368711655,0.15970306908405185,0.07240963300343524,0.15862871798946737,0.7506918964202971,0.4160094231630639,0.11119844857939519,0.4268577708310609,0.5862372035708838,0.5753079156730423,0.08227918040005676
449,0.15332871733611309,0.1575601824485041,0.06105083264882288,0.1565005375151722,0.7506918964202971,0.4160094231630639,0.09403581347923122,0.4268577708310609,0.5916743943770562,0.5782699011074259,0.08227918040005676
450,0.14803350909630444,0.1489363703786167,0.04520823986110618,0.1480030204256315,0.6591482095176597,0.3853808251903711,0.12180735465191926,0.42582704560889106,0.587971076848548,0.5759768413556614,0.07182574239385711
451,0.1478671302953985,0.150973157992941,0.080512135269236,0.14998748999732484,0.6591482095176597,0.3853808251903711,0.10839783147561045,0.42485512014771754,0.587971076848548,0.5759768413556614,0.08227918040005676
452,0.12804979189968577,0.13231331929481258,0.040886538541022636,0.131626484596286,0.6410100010251669,0.29661064751065913,0.07888093777419615,0.42387944764295105,0.587971076848548,0.5759768413556614,0.06137230438765748
453,0.12368640639543878,0.12754879379001904,0.03259996802725986,0.12692410797056894,0.6410100010251669,0.29661064751065913,0.08434534732871019,0.4228312224919133,0.5837319073791667,0.5700035536130381,0.07182574239385711
454,0.12111057849604724,0.1226326982549063,0.04478493073144438,0.12207895944990556,0.43061962666338305,0.02738026112779335,0.08064930690150816,0.42221716028201317,0.5886427754559866,0.5691207465945123,0.10318605641245607
455,0.12916676177649952,0.12302939361012111,0.05443200872490914,0.12245264220164516,0.43061962666338305,0.02738026112779335,0.08922340412300248,0.40503486541710587,0.5875353924334292,0.5644359933432712,0.12409293242485536
456,0.12755724977871113,0.1312392627006539,0.034942361862709256,0.1305015000801142,0.5552533625388272,0.20081291371501564,0.08303085406392645,0.40503486541710587,0.5820436856729745,0.5579174218677314,0.06137230438765748
457,0.12090767751933267,0.1250635679480606,0.028448598237921188,0.12441930380484294,0.5552533625388272,0.20081291371501564,0.08894399708475018,0.40503486541710587,0.5836776130344545,0.5524726291350099,0.0509188663814578
458,0.12345560653442599,0.12345744828195368,0.032555830995340464,0.1228262512195381,0.7113663049232033,0.4100535859448877,0.08946100233368498,0.40503486541710587,0.5836776130344545,0.5524726291350099,0.0509188663814578
459,0.12795442844062993,0.12777249024855916,0.056759789660434906,0.12704667696597996,0.7113663049232033,0.4100535859448877,0.08534936718457517,0.40503486541710587,0.5836776130344545,0.5524726291350099,0.06137230438765748
460,0.11759988434644329,0.12060009188279769,0.031940941560463273,0.11998829253814396,0.785337564243137,0.37901687210710555,0.07542590481338313,0.40503486541710587,0.5866910599707631,0.5494497845796977,0.0509188663814578
461,0.11341200818705442,0.11316113932578514,0.03816879448454436,0.11266878902393963,0.785337564243137,0.37901687210710555,0.07828307082712961,0.40503486541710587,0.5888787896483065,0.5417904543518117,0.06137230438765748
462,0.12139210360123871,0.11561918709334151,0.06011896664997792,0.11506705950064196,0.6784817251718229,0.3863795477545332,0.10510301945747574,0.40503486541710587,0.5882432134008195,0.5330531482003538,0.06137230438765748
463,0.12185776134279867,0.12494231192380523,0.035190090428418384,0.12420354590617573,0.6784817251718229,0.3863795477545332,0.09778980993949014,0.40503486541710587,0.5816895535797091,0.5240759032158098,0.0509188663814578
464,0.1246435917530898,0.12366389711635403,0.043856421641189566,0.12292980283567052,0.7243956534328151,0.3309222423146474,0.09571422261010333,0.40503486541710587,0.5840769534800514,0.5300661545639793,0.0509188663814578
465,0.12617752313705202,0.12783050498430204,0.04823607465304306,0.12700002425997137,0.7243956534328151,0.3309222423146474,0.09042762124697615,0.40503486541710587,0.5840769534800514,0.5300661545639793,0.0509188663814578
466,0.12495961002432275,0.12038998446145863,0.06135193848002459,0.1196822653367403,0.7298208247888867,0.35362078404698305,0.10361350678648358,0.40503486541710587,0.5840769534800514,0.5300661545639793,0.06137230438765748
467,0.1281192854842105,0.12822145113147027,0.09326012599264084,0.12734920074582357,0.7298208247888867,0.35362078404698305,0.06920042571316254,0.40503486541710587,0.5849028923483868,0.5329053724613175,0.06137230438765748
468,0.10257760328293782,0.0997801189249817,0.05109047364728422,0.0994325894092999,0.7737441390737643,0.4544088126482738,0.08128473776219537,0.40503486541710587,0.5852479384492715,0.535499405049628,0.0509188663814578
469,0.10209266994858998,0.10215558715877797,0.06231782509450929,0.10174920292022842,0.7737441390737643,0.4544088126482738,0.06545435644675146,0.40503486541710587,0.5732480018296084,0.5295880257231216,0.06137230438765748
470,0.0941227195832414,0.09742712486809486,0.04927041102571332,0.09709731289886923,0.5991189572215427,0.26392156212153894,0.06176301890384628,0.40503486541710587,0.5719134689975411,0.5345118433947915,0.06137230438765748
471,0.08541218065288463,0.0818211609532605,0.04847712702905009,0.08178153790994867,0.5991189572215427,0.26392156212153894,0.05795341764295876,0.40503486541710587,0.5720315868984867,0.5352299110687351,0.06137230438765748
472,0.09415569099195752,0.08542957298541216,0.04052907749819711,0.08530727356748848,0.6869593932580995,0.346002621231979,0.062121875798146556,0.40503486541710587,0.5720315868984867,0.5352299110687351,0.06137230438765748
473,0.1008570030003982,0.09768479391963757,0.03586322719953704,0.09731183222841105,0.6869593932580995,0.346002621231979,0.07761945748107722,0.40503486541710587,0.5720315868984867,0.5352299110687351,0.0509188663814578
474,0.10400044638214877,0.1041949880494871,0.03390067738108347,0.10368143603500514,0.6596355804298815,0.443004794531911,0.09008232641710955,0.40503486541710587,0.5616474056555427,0.5276503272751691,0.0509188663814578
475,0.10392385126343903,0.1063347387533731,0.04572813872728725,0.10576447726767382,0.6596355804298815,0.443004794531911,0.08669691442498055,0.4038141115555819,0.557490010117585,0.5257745372433336,0.0509188663814578
476,0.1034044247630497,0.10314392828751474,0.05464576505316477,0.10262089892878393,0.4619317105138103,0.42503442440731953,0.1000609422583164,0.4022782766218286,0.5414053658990072,0.5147548391745265,0.06137230438765748
477,0.10967863021550621,0.10496120068551465,0.04546734805129142,0.1043857769526774,0.4619317105138103,0.42503442440731953,0.07139903603964796,0.4009203233179799,0.5431299315747209,0.5147055223006705,0.0509188663814578
478,0.11466644347559228,0.11258569586584902,0.02096984399043486,0.11183748760905314,0.626414572472231,0.32255089005756754,0.0899583443014494,0.3998728393404001,0.5410875777752637,0.5152266722442533,0.04046542837525817
479,0.11141241906153228,0.11535054228098263,0.029598714360988727,0.1145325976118662,0.626414572472231,0.32255089005756754,0.07921341167242403,0.3998728393404001,0.5410875777752637,0.5152266722442533,0.04046542837525817
480,0.1289024832543288,0.1125971942819422,0.03732922868970477,0.1118192358294038,0.7691671023915045,0.33672213282014696,0.08045229012713004,0.3985420623966758,0.5410875777752637,0.5152266722442533,0.04046542837525817
481,0.11371433064235913,0.11729586522183841,0.0308009042261972,0.11640650699225162,0.7691671023915045,0.33672213282014696,0.08412599916688238,0.3973068144764188,0.527081631325665,0.5067829938630222,0.0509188663814578
482,0.11401513134033851,0.1169524807048738,0.03834357680842396,0.11605550785144104,0.6823002943365422,0.437513479436601,0.08894198857450725,0.39649683541580427,0.5477684414896995,0.5209420082530563,0.04046542837525817
483,0.11446861502329557,0.11693418777018011,0.04018925567961268,0.11602289995882618,0.6823002943365422,0.437513479436601,0.09733871100196305,0.39503009431885194,0.5445641887134025,0.5210404671182365,0.04046542837525817
484,0.112612578338799,0.11497004923935364,0.03929039435449627,0.11408397115720155,0.5101835661017988,0.24193639364931896,0.09733871100196305,0.3942362563690991,0.5445641887134025,0.5210404671182365,0.04046542837525817
485,0.10851803662869884,0.11196007749932446,0.03255587399817268,0.11112079865987066,0.5101835661017988,0.24193639364931896,0.10097292361796203,0.3931732489252058,0.5394809083909249,0.5094326390963189,0.04046542837525817
486,0.10856825462043569,0.1082011407474075,0.03155500726735434,0.10742318176726047,0.769181348640311,0.47692154553146304,0.08754782879792042,0.39227572904394836,0.5394809083909249,0.5094326390963189,0.04046542837525817
487,0.11079915085941246,0.11062051202446863,0.034929681402558505,0.10977523920899719,0.769181348640311,0.47692154553146304,0.06968928515327578,0.3900548851298492,0.5394809083909249,0.5094326390963189,0.04046542837525817
488,0.11229960358221676,0.1136770000841475,0.03869688001490924,0.11275123771970331,0.7930290646246729,0.5182341523300762,0.09512785614466476,0.3900548851298492,0.5361133293613509,0.503827304199769,0.0509188663814578
489,0.1130680910315232,0.11553085835153479,0.04851911929471254,0.1145535298437848,0.7930290646246729,0.5182341523300762,0.07665740091362883,0.38881766074703783,0.5551662121639054,0.5188324002767339,0.07182574239385711
490,0.11045421919899766,0.11436324646279974,0.06136621542032151,0.11339544625399887,0.8144796140430222,0.45882509083066514,0.07998909204489416,0.3875601364467395,0.5358227992147486,0.5059432079472217,0.07182574239385711
491,0.11363976453341652,0.1104955974132745,0.06865192189094295,0.10959739718010762,0.8144796140430222,0.45882509083066514,0.06576491223551495,0.3865613228595641,0.5536958326652726,0.5147978602772516,0.06137230438765748
492,0.1170388631458275,0.1162949803664545,0.0475628975667692,0.11525775216862218,0.759691372790809,0.34342784146523553,0.08507172548469831,0.3865613228595641,0.5529968760806927,0.5134734748669318,0.0509188663814578
493,0.12087774962526728,0.1173042277062698,0.04007309696675646,0.11623265905502735,0.759691372790809,0.34342784146523553,0.10021003777629744,0.3854371686053911,0.5529968760806927,0.5134734748669318,0.0509188663814578
494,0.12124449314067885,0.12442226992322716,0.039173101441940264,0.12317908731099432,0.8223251247756527,0.4846359307862037,0.09382216540194908,0.3841888677970138,0.5529968760806927,0.5134734748669318,0.0509188663814578
495,0.11914294627435763,0.1223577815792238,0.04491049362617162,0.1211431368479302,0.8223251247756527,0.4846359307862037,0.09263671503103575,0.38269289152477626,0.5495475231196956,0.5136999477450994,0.06137230438765748
496,0.1215914538108608,0.12150533082249737,0.0671107057595461,0.12029481673352409,0.7828995759302437,0.48381638104086133,0.09091713858089455,0.3817455483166242,0.5505551818356387,0.5148407064974456,0.06137230438765748
497,0.12115724572069157,0.12321389092288901,0.07666917641722235,0.12195080969730092,0.7828995759302437,0.48381638104086133,0.0932561371812095,0.380006920089519,0.5518440630962336,0.5199544465982198,0.06137230438765748
498,0.11605428615631998,0.11630491081671682,0.05956253687782628,0.11518215568953842,0.7403448499314487,0.28447334804320057,0.07995777330641193,0.380006920089519,0.5667577223455909,0.5254924517201796,0.0509188663814578
499,0.116016242223186,0.11414582186758318,0.048300326259733184,0.1130566002978141,0.7403448499314487,0.28447334804320057,0.08750868030303105,0.380006920089519,0.5483220221961931,0.5125350552034198,0.0509188663814578
500,0.1171874881112709,0.11976906999242673,0.06324422973366235,0.11853815831549709,0.8084179076393292,0.48547207060736264,0.0845156681201556,0.3759939599304335,0.5483220221961931,0.5125350552034198,0.06137230438765748
501,0.10981863188943926,0.11259196772917257,0.048994504854192295,0.11150959587823232,0.8084179076393292,0.48547207060736264,0.08903072785401861,0.3759939599304335,0.5483220221961931,0.5125350552034198,0.07182574239385711
502,0.10955435336726853,0.10977067454412698,0.08389524871026326,0.10873842496250798,0.7882941476033274,0.5442241651044345,0.08284286067056724,0.3759939599304335,0.5476957535506561,0.5103521714464394,0.08227918040005676
503,0.1223432019295883,0.11195485094655483,0.07004951393808033,0.11085772598325695,0.7882941476033274,0.5442241651044345,0.09719236555315114,0.3759939599304335,0.552651829979808,0.5116648397271553,0.07182574239385711
504,0.1224553047192231,0.1229645843557777,0.0736039667887326,0.12159916259644248,0.785712510567182,0.4826882558853294,0.09358736931613328,0.3715081722814879,0.5548577316421124,0.5075379617510918,0.07182574239385711
505,0.1330173150621004,0.11996506572128779,0.1067098530582674,0.11865441811228052,0.785712510567182,0.4826882558853294,0.10269250366144747,0.3715081722814879,0.544909013204717,0.4992285931539784,0.08227918040005676
506,0.1329838364009425,0.13556528042807559,0.07239451213255603,0.13387525540455672,0.7840426829439597,0.43588765200656965,0.09622250945345777,0.3715081722814879,0.5470694849051196,0.5024789598826467,0.06137230438765748
507,0.13067025801395452,0.13502171894003417,0.08358574657607065,0.133327513364339,0.7840426829439597,0.43588765200656965,0.10561988417808885,0.3715081722814879,0.5470694849051196,0.5024789598826467,0.06137230438765748
508,0.12817051798083096,0.12854602005846422,0.05545164887966835,0.12698795434484245,0.7889652151980744,0.6096985583224115,0.11512480084846947,0.36717457224923866,0.5470694849051196,0.5024789598826467,0.06137230438765748
509,0.12378734963135431,0.12759531010966874,0.05260523228615795,0.12604336777629382,0.7889652151980744,0.6096985583224115,0.11808836035881794,0.36717457224923866,0.5489030824893977,0.49447038923954767,0.06137230438765748
510,0.12653057083653538,0.1237558844450995,0.06253871451755935,0.12227704833702362,0.8186123747642042,0.5766478092804884,0.11129087135449352,0.36717457224923866,0.5483129362038124,0.4936788709024147,0.07182574239385711
511,0.1331517369591738,0.13060475919442094,0.08655562967623757,0.12894479159286584,0.8186123747642042,0.5766478092804884,0.10902425065104455,0.36717457224923866,0.5448547188600048,0.49032479883262403,0.08227918040005676
512,0.11726966300684032,0.12138564276407288,0.05630666344198283,0.11993046100653997,0.8073490130911867,0.47255503757652173,0.09718129062491991,0.3630271714601442,0.5509999522431377,0.49460557343632283,0.06137230438765748
513,0.11215047136433152,0.11223917541722264,0.05571075706985359,0.11098761535807887,0.8073490130911867,0.47255503757652173,0.12057643162163985,0.3630271714601442,0.5536958326652726,0.4965978352340732,0.0509188663814578
514,0.11194858489250052,0.11242419538526749,0.06242281113401945,0.11115249538543955,0.806806701811412,0.49078753089901617,0.08706177058586723,0.3630271714601442,0.5536958326652726,0.4965978352340732,0.0509188663814578
515,0.10721287609598233,0.11102347924300701,0.05411116996907264,0.10976716814245545,0.806806701811412,0.49078753089901617,0.10249835548077522,0.3630271714601442,0.5536958326652726,0.4965978352340732,0.06137230438765748
516,0.10517575028976796,0.10680721912374752,0.06822777420605286,0.10563996032054296,0.7990510822801251,0.6570035005059973,0.09415026131625574,0.3586041776736072,0.5455173314750632,0.49103657073543694,0.06137230438765748
517,0.09821066701159833,0.10045852547447952,0.06367761765212562,0.09943191085168382,0.7990510822801251,0.6570035005059973,0.10033491520074708,0.3586041776736072,0.5289424868870847,0.4789012969988058,0.06137230438765748
518,0.0977480527846891,0.09466018783185341,0.059442010689822765,0.09376251306060182,0.8008159589525412,0.6570167725666507,0.08367870515306022,0.3586041776736072,0.5299499239934575,0.4807655447835688,0.07182574239385711
519,0.0980062442775584,0.09884874722143389,0.04057178737362223,0.09783159659305372,0.8008159589525412,0.6570167725666507,0.08370248011781095,0.3586041776736072,0.5325915100708807,0.4853149389555036,0.07182574239385711
520,0.09599194483122445,0.09363212490206747,0.046976645330473264,0.09273221432670349,0.8206882708137007,0.6911126963850225,0.08101988411263976,0.3539844846865946,0.5325915100708807,0.4853149389555036,0.07182574239385711
521,0.0956297665877889,0.0875207167485406,0.07021413415517103,0.08676035969847218,0.8206882708137007,0.6911126963850225,0.08097942653238857,0.3539844846865946,0.5325915100708807,0.4853149389555036,0.10318605641245607
522,0.11153669590976993,0.09606874380326837,0.0728598189032343,0.09507949136413091,0.7993138677210028,0.7515005723576156,0.09535038368528463,0.3539844846865946,0.5325915100708807,0.4853149389555036,0.1136394944186557
523,0.12117043428417805,0.10142909632379957,0.09987181144640613,0.10029059747640413,0.7993138677210028,0.7515005723576156,0.08871952454886604,0.3539844846865946,0.5319107254710618,0.48555400337593224,0.15545324644345432
524,0.10899688293374522,0.10867623439416674,0.07125980714948518,0.10733839711445058,0.8019655265059411,0.8098843671715579,0.09148121514350366,0.3480346324004059,0.5222161932107472,0.4792388202844149,0.1136394944186557
525,0.09870473088989834,0.10223607607143025,0.056703095801507376,0.10104836345218987,0.8019655265059411,0.8098843671715579,0.06911666580797016,0.3480346324004059,0.5167971743893354,0.4725672265938967,0.10318605641245607
526,0.09784645975839568,0.09455199818952212,0.08036599551929167,0.0935470693430733,0.8190803108611613,0.6716790815734028,0.06591226711161964,0.3480346324004059,0.5128033267142249,0.4687098425987264,0.09273261840625642
527,0.08847142012929865,0.08764249542807297,0.04700688169687768,0.08680372522193516,0.8190803108611613,0.6716790815734028,0.07606039894355754,0.3480346324004059,0.5016475009476578,0.46065212996430294,0.06137230438765748
528,0.08672900799176222,0.08991761384869233,0.03917381636402592,0.08900785741800304,0.791085210353039,0.6499294921777792,0.07385351564356096,0.3439013962596187,0.5016475009476578,0.46065212996430294,0.0509188663814578
529,0.08266033615619317,0.08484681235159856,0.047402894778788084,0.08405608384862526,0.791085210353039,0.6499294921777792,0.059310668795530486,0.3439013962596187,0.5016475009476578,0.46065212996430294,0.0509188663814578
530,0.07758578272856162,0.07966938917800437,0.03635952557386059,0.07900163728870335,0.8066503713070239,0.6433764122302039,0.06418735308048212,0.3439013962596187,0.48711501015913683,0.4479535595940205,0.0509188663814578
531,0.07553496110641902,0.07707910962537637,0.04351584189768725,0.07646913357624446,0.8066503713070239,0.6433764122302039,0.0472695766103443,0.3439013962596187,0.4792270391155298,0.44293128305717033,0.0509188663814578
532,0.07157281228362514,0.07161004480723689,0.03907760558996558,0.07113355507676866,0.7902808981103855,0.6822038256714833,0.06130900042172188,0.3398230893073252,0.5188395281887925,0.47631356018162596,0.06137230438765748
533,0.07293529234226351,0.07181806160746812,0.029523083129822485,0.07132673336882493,0.7902808981103855,0.6822038256714833,0.059919620627657086,0.3398230893073252,0.5203373872741368,0.47650960349932947,0.07182574239385711
534,0.07387979638886988,0.07550173599950243,0.017162581520679013,0.07490113935259403,0.7673870635268252,0.6823265922325266,0.05739213356306322,0.3398230893073252,0.5099711564063836,0.46886916058483497,0.0509188663814578
535,0.07294493013865745,0.07529267388871728,0.023144301015358616,0.07468598151142873,0.7673870635268252,0.6823265922325266,0.054446059262567265,0.3398230893073252,0.5099711564063836,0.46886916058483497,0.06137230438765748
536,0.07513423167740775,0.0710764137694578,0.02992014440576824,0.07057206363517063,0.7764037463489946,0.5677787547489092,0.04940586936595884,0.3359427580209071,0.5099711564063836,0.46886916058483497,0.06137230438765748
537,0.07603612651890404,0.07757458682793716,0.0323771004739277,0.07688441739168025,0.7764037463489946,0.5677787547489092,0.053171348250315886,0.3359427580209071,0.5131844951750608,0.4709116136690983,0.0509188663814578
538,0.07169962539407175,0.0743633928062773,0.03725830089331255,0.07375061462069984,0.8153034800218861,0.6943145810176352,0.054133978659316934,0.3359427580209071,0.5178954714195121,0.4730327638924934,0.04046542837525817
539,0.07398479764431966,0.07270291699136625,0.04784930180470584,0.07212495731094618,0.8153034800218861,0.6943145810176352,0.06076357243156205,0.3359427580209071,0.5154356051896971,0.4759580239952823,0.0509188663814578
540,0.06839791925048379,0.0710298974498081,0.05508923176042951,0.07048713496008692,0.7816703493093238,0.6383463012425967,0.050123604548492864,0.332492513221608,0.5176685432195725,0.4792262287421538,0.03001199036905851
541,0.06197458158014209,0.0644109910223503,0.04415836333994255,0.06403774777320506,0.7816703493093238,0.6383463012425967,0.05213419334471657,0.332492513221608,0.5175869908977191,0.4787480999012963,0.03001199036905851
542,0.06106558520446077,0.0634749154213098,0.02326587539739749,0.06311730025922763,0.7764083947697382,0.47636743699918704,0.036235625908984354,0.332492513221608,0.5175869908977191,0.4787480999012963,0.03001199036905851
543,0.06305553653358899,0.0622545153496015,0.03853129223409361,0.06192033059632046,0.7764083947697382,0.47636743699918704,0.05003043174575349,0.332492513221608,0.5175869908977191,0.4787480999012963,0.04046542837525817
544,0.06259292230667976,0.06132523426716152,0.03800690225962259,0.06100908231817105,0.8263010340303325,0.5691258689052209,0.035876280175719893,0.32902452143562166,0.5087186191153101,0.47378143600943234,0.04046542837525817
545,0.056701692447772026,0.05883844045937217,0.023319040336405996,0.058581639222134343,0.8263010340303325,0.5691258689052209,0.04331647268444261,0.32902452143562166,0.5074567742222862,0.47435714930281314,0.03001199036905851
546,0.05574450709012101,0.056890504242131545,0.018848342265712543,0.056680767050938885,0.8001127455455186,0.5679214294009324,0.03813033624783642,0.32902452143562166,0.5102162565910842,0.47363995604152676,0.03001199036905851
547,0.053736801925530264,0.05525877446745346,0.028771162482400494,0.05508603369903234,0.8001127455455186,0.5679214294009324,0.035108561715234174,0.32902452143562166,0.5076384940698939,0.4703780470657859,0.03001199036905851
548,0.04935363357605363,0.05140628242096015,0.016151301385270996,0.051334015432927885,0.7915387725295802,0.7223186289961345,0.04273577658351867,0.3262111505182058,0.5038895249699138,0.47279999524319516,0.019558552362858857
549,0.048303113769113906,0.05004215214808705,0.01655407397487092,0.05000077431317618,0.7915387725295802,0.7223186289961345,0.030927287851145024,0.3262111505182058,0.5038895249699138,0.47279999524319516,0.019558552362858857
550,0.048510072765362774,0.049764622196019764,0.02095443150659965,0.049722096920388176,0.7857466654756158,0.5782006403769265,0.03520030330612785,0.3262111505182058,0.5038895249699138,0.47279999524319516,0.019558552362858857
551,0.04792267443777408,0.04982995410564013,0.0176665626197463,0.04977869057132761,0.7857466654756158,0.5782006403769265,0.0354986750194763,0.3262111505182058,0.5080378345154912,0.47645504014953155,0.021351731739237916
552,0.046661137615051196,0.047914422515571195,0.012645394700679147,0.047910572156108486,0.7833906614438637,0.669456011413972,0.0330994562267007,0.32317600403165414,0.5068395915691299,0.4758962904616968,0.023009406408986816
553,0.04527887471118314,0.047099602938786095,0.008988683802685653,0.04711166107397445,0.7833906614438637,0.669456011413972,0.02361764690175978,0.32317600403165414,0.5078926802469748,0.47777925067731997,0.01969405706948901
554,0.04443480664805051,0.04629784974392505,0.008705217867644267,0.04632581746495015,0.7564560262040594,0.40286012907078983,0.03534560759128261,0.32317600403165414,0.49476696701042355,0.45698554281089376,0.016378707729991213
555,0.043484215572142715,0.04405356798464648,0.009677191398645799,0.044140656228453715,0.7564560262040594,0.40286012907078983,0.032740435880354773,0.32317600403165414,0.47165663458609597,0.4376332167682966,0.014721033060242309
556,0.043654652392582954,0.045334073413205514,0.00927273766707379,0.045376645223713985,0.7979415183447405,0.6859365927302288,0.040133091668691126,0.3204432563159405,0.47165663458609597,0.4376332167682966,0.016378707729991213
557,0.04367392798537084,0.044829188415659374,0.01023219670198016,0.04487957765978896,0.7979415183447405,0.6859365927302288,0.030069992856776803,0.3204432563159405,0.47165663458609597,0.4376332167682966,0.016378707729991213
558,0.04391994541963726,0.045196615075364266,0.012035501657370478,0.04522831061174083,0.8100667716996053,0.6187467856728106,0.029835128351553008,0.3204432563159405,0.47814691407011356,0.4404045802434504,0.016378707729991213
559,0.04263761124680114,0.04421454580995103,0.010899663818438356,0.04426853991741493,0.8100667716996053,0.6187467856728106,0.030917204630293554,0.3204432563159405,0.46210747820386766,0.4248048835597129,0.018036382399740113
560,0.04274210524980915,0.044286672238171926,0.010163198657683795,0.044331745649263024,0.7317704491111334,0.4033412412694726,0.026668845498355295,0.3176792557860838,0.46575650138766367,0.43544123911968313,0.018036382399740113
561,0.0415921639642793,0.04335843646628587,0.00943593005575095,0.04342428075637303,0.7317704491111334,0.4033412412694726,0.027468764151013892,0.3176792557860838,0.47194716473269827,0.44561660432687344,0.018036382399740113
562,0.0412025940889873,0.04278508362745759,0.0064973335317815495,0.042861597570333754,0.8211037091534328,0.4922375035253911,0.029311138810635833,0.3176792557860838,0.45373839278324013,0.42917082595620504,0.014721033060242309
563,0.04124215977944665,0.04224047682886228,0.007351006943266183,0.04232655349600162,0.8211037091534328,0.4922375035253911,0.026922165179511025,0.3176792557860838,0.45373839278324013,0.42917082595620504,0.013063358390493413
564,0.04138419046314684,0.041980194500934764,0.009504004211073848,0.042067192402229295,0.7936050956386984,0.3485774009987226,0.022716364694592876,0.3149832785091444,0.45373839278324013,0.42917082595620504,0.016378707729991213
565,0.04214963439780259,0.042071136519126306,0.01358347729645685,0.042149120908181334,0.7936050956386984,0.3485774009987226,0.028182712864636587,0.3149832785091444,0.45373839278324013,0.42917082595620504,0.018036382399740113
566,0.0422130409530259,0.04369607177520386,0.010926583591407833,0.043719124911075144,0.7787326983754095,0.6114106541466895,0.036047653686647446,0.3149832785091444,0.46824362559461985,0.44158188944485977,0.01969405706948901
567,0.04226021543011203,0.04393858382371464,0.007881108903310617,0.043947645503409655,0.7787326983754095,0.6114106541466895,0.02910764533244421,0.3149832785091444,0.4762769725163136,0.4469042644055987,0.018036382399740113
568,0.04136085685082466,0.04300407618850503,0.007868552748221744,0.04303366198895167,0.7239673078062867,0.3804535726728271,0.03151485428709175,0.31231921286719944,0.4793449354069046,0.44750586031362727,0.018036382399740113
569,0.04170933927833195,0.043042752679000276,0.008979739213583974,0.04306440742671695,0.7239673078062867,0.3804535726728271,0.024090707030838193,0.31231921286719944,0.47787455590827177,0.4473339507852574,0.016378707729991213
570,0.041088969542027134,0.04241974758886055,0.007592603573868495,0.042453253334457444,0.8003548616354494,0.5701677256665063,0.03279767302126886,0.31231921286719944,0.47787455590827177,0.4473339507852574,0.016378707729991213
571,0.04117012993271296,0.04246939984017202,0.012115880669981467,0.042495058107803435,0.8003548616354494,0.5701677256665063,0.028826074616706807,0.31231921286719944,0.47787455590827177,0.4473339507852574,0.016378707729991213
572,0.041260928119792734,0.04277149459025656,0.020271300608505464,0.04278043825584524,0.7846335736917764,0.6401513014914477,0.0306268465093486,0.3092416959646358,0.4796445515458876,0.4479472638228901,0.016378707729991213
573,0.03855828710995457,0.03974532053664154,0.016221390626434934,0.03984124503720732,0.7846335736917764,0.6401513014914477,0.020178377968155223,0.3092416959646358,0.47552349997745136,0.4466221788824445,0.018036382399740113
574,0.03964127107316863,0.04018800955622909,0.0171253746639395,0.04026305749271848,0.6548334347920248,0.5458732186406092,0.03413507537336907,0.3092416959646358,0.48206807380618066,0.45030135757811474,0.018036382399740113
575,0.03940286242552901,0.04073993352870188,0.023178275940489126,0.04079231959860363,0.6548334347920248,0.5458732186406092,0.027012851430664207,0.3092416959646358,0.48087005246938963,0.44680667995307544,0.018036382399740113
576,0.03716334289504186,0.03856359695542848,0.02039581530919735,0.03867633804641099,0.7850681509308246,0.43880086931997275,0.020234398273778414,0.30644426027656557,0.4843918717598603,0.4479715724947553,0.014721033060242309
577,0.03635833326992678,0.03743100297024994,0.010965721544081706,0.03757256382869577,0.7850681509308246,0.43880086931997275,0.0210992402987526,0.30644426027656557,0.4843918717598603,0.4479715724947553,0.016378707729991213
578,0.03550614916772557,0.036975770224015284,0.017586352930787176,0.037126232758614625,0.7783197308967691,0.5480199744512833,0.026348579802719378,0.30644426027656557,0.4843918717598603,0.4479715724947553,0.018036382399740113
579,0.03420606115942691,0.034605005887711704,0.013625472249796315,0.034824917623699006,0.7783197308967691,0.5480199744512833,0.02025230190692728,0.30644426027656557,0.4892391378900176,0.4538157969292025,0.016378707729991213
580,0.03450229658543019,0.03531268113271943,0.01133628501234914,0.03550349732659737,0.8122218459314916,0.5653167874977189,0.025024163080962326,0.3035620837564713,0.48294852862879845,0.44762233207954205,0.018036382399740113
581,0.034985200910010894,0.03568794762157877,0.012506853013652628,0.03586120592035788,0.8122218459314916,0.5653167874977189,0.018442197757455137,0.3035620837564713,0.4806249522846895,0.45139909522773536,0.01969405706948901
582,0.03405946520375064,0.03561582119335789,0.01444714617875553,0.03578506967238325,0.3594721775280548,0.3261343464339632,0.02223014235640741,0.3035620837564713,0.46521200667355034,0.43792159806258124,0.01969405706948901
583,0.032109586817523544,0.03148423122896639,0.011555079391167004,0.03178072833885384,0.3594721775280548,0.3261343464339632,0.015541539055639816,0.3035620837564713,0.467381342756763,0.4420171720655235,0.018036382399740113
584,0.0304762339549712,0.03180096032680589,0.017104082886636767,0.03208107484409162,0.6425968695746398,0.5504520795660036,0.024967730791041903,0.30059763698254616,0.467381342756763,0.4420171720655235,0.023009406408986816
585,0.033758664505771266,0.029958077820234807,0.019423674470301713,0.03029270095629213,0.6425968695746398,0.5504520795660036,0.022802857500010657,0.30059763698254616,0.467381342756763,0.4420171720655235,0.023009406408986816
586,0.03464838528866469,0.035240554704498536,0.009239981603469007,0.035397265488721075,0.8072671913709641,0.6539476085405711,0.026081137949852954,0.30059763698254616,0.46917859637152004,0.44737697188798276,0.021351731739237916
587,0.03782581458401496,0.03579195602169438,0.014795955589273867,0.03592472011693888,0.8072671913709641,0.6539476085405711,0.024945778050043676,0.30059763698254616,0.4714387923785366,0.4477996629663854,0.021351731739237916
588,0.037916105518652946,0.039523714699209275,0.012971275538593391,0.03952798572579773,0.8000635924088075,0.5090167062063473,0.020355976656063732,0.29762030202571355,0.4674176867262849,0.448400384461757,0.023009406408986816
589,0.03490302601444148,0.03605798755766848,0.010835369208916009,0.03616968838502514,0.8000635924088075,0.5090167062063473,0.026445674273660593,0.29762030202571355,0.4941497843572673,0.4696974042535629,0.021351731739237916
590,0.03525201569439056,0.035143863478260415,0.015879719686065052,0.03528001717117385,0.7482716309231412,0.4642135474559119,0.021018206524243157,0.29762030202571355,0.4984886781332629,0.47048175240690826,0.02466708107873571
591,0.03749204247731948,0.03185531647561003,0.02489410507211371,0.032093522521744605,0.7482716309231412,0.4642135474559119,0.02668287590558215,0.29762030202571355,0.4984886781332629,0.47048175240690826,0.02798243041823351
592,0.04084447386508608,0.038462201831697684,0.028476146927311877,0.03847547009512983,0.8159975483995261,0.6749207823879755,0.030325346650657618,0.2945314204634615,0.4984886781332629,0.47048175240690826,0.023009406408986816
593,0.04479191236706816,0.0430396167473385,0.02561918926455365,0.04289411491321178,0.8159975483995261,0.6749207823879755,0.02987817832091368,0.2945314204634615,0.5013297128239143,0.47226642863988255,0.023009406408986816
594,0.04446879256165019,0.04626962635896904,0.011308862643778098,0.04600927355661716,0.7781720994231454,0.6197123280853394,0.03390216564282704,0.2945314204634615,0.5048517537239547,0.4736586684723869,0.021351731739237916
595,0.04412386090123541,0.04576735463780773,0.009104169924369179,0.04551685439631342,0.7781720994231454,0.6197123280853394,0.029326495023478148,0.2945314204634615,0.48686990997443624,0.4635647985248308,0.021351731739237916
596,0.0437464650845463,0.04534504917402174,0.01477227043559041,0.04510120155651065,0.7747972287416436,0.32346334422748313,0.031086259662404716,0.2916244146325264,0.4941497843572673,0.46751452049658226,0.023009406408986816
597,0.0432194297975302,0.04479417051210287,0.008342801420324689,0.044561837337318666,0.7747972287416436,0.32346334422748313,0.02820465413507434,0.2916244146325264,0.49336018945845383,0.46943962740227385,0.021351731739237916
598,0.04153788795300814,0.042413475725536984,0.010700566080615582,0.0422543193164623,0.821216476917408,0.6133649650778903,0.027635938011206358,0.2916244146325264,0.49336018945845383,0.46943962740227385,0.03295545442748021
599,0.045425470666859424,0.039324060383409465,0.022479141269616705,0.039262847065366646,0.821216476917408,0.6133649650778903,0.028969476696184954,0.2916244146325264,0.49336018945845383,0.46943962740227385,0.041243827776224706
600,0.041722020589376616,0.04307515730617198,0.00771737091619967,0.042879602049234564,0.8030528002881234,0.575625860610183,0.026123016966164644,0.2884143512099019,0.48634358724508386,0.4654290463095938,0.02466708107873571
601,0.04348218656237557,0.041063457145141896,0.012770203702004036,0.04092975235808158,0.8030528002881234,0.575625860610183,0.0329990845927334,0.2884143512099019,0.4846278859521802,0.46520886920255644,0.02798243041823351
602,0.04568315490728693,0.04490706405192685,0.011033838030317572,0.044635288151807256,0.7826905071675554,0.5445128324236441,0.03060837890697615,0.2884143512099019,0.48953853241943035,0.471389742509956,0.026324755748484616
603,0.04570598126716732,0.04748323191207683,0.005255374109800974,0.04711567131176031,0.7826905071675554,0.5445128324236441,0.03136184274557166,0.2884143512099019,0.4958200556882688,0.4740383384480644,0.02466708107873571
604,0.04526416439037133,0.04718479574893103,0.0044352130070408596,0.046820485845577256,0.8128103080186542,0.48194833850390695,0.027416833100201748,0.2850799765278601,0.5029093458406821,0.4786380987890433,0.023009406408986816
605,0.04587844709737472,0.04655917738240649,0.006498970999002162,0.04620910477618301,0.8128103080186542,0.48194833850390695,0.034162668762483236,0.2850799765278601,0.5029093458406821,0.4786380987890433,0.02798243041823351
606,0.04592460706957728,0.04759612545190081,0.012062000808887306,0.04720373315664533,0.7681524980178607,0.6828641106889859,0.03476880281051631,0.2850799765278601,0.5029093458406821,0.4786380987890433,0.03958615310647581
607,0.04500242213040953,0.046342798097743845,0.014268247677529412,0.04598656946008352,0.7681524980178607,0.6828641106889859,0.029293022972118093,0.2850799765278601,0.501819913193315,0.478392738597484,0.026324755748484616
608,0.04299218070360987,0.04485270790312271,0.008421793591596595,0.044540852804181116,0.7866494664620967,0.669545597823382,0.02996718317907653,0.28127792139386065,0.51456423635946,0.4884731425901221,0.01969405706948901
609,0.04150846731138452,0.04262985501019961,0.006569774490332499,0.04238894593439341,0.7866494664620967,0.669545597823382,0.027174991626566117,0.28127792139386065,0.48522689662057594,0.4613147598757914,0.01969405706948901
610,0.04093679380949121,0.04262985501019961,0.004327831911351849,0.04238191402942883,0.718528814010923,0.4697645868241618,0.03521766687145117,0.28127792139386065,0.4907731193353131,0.4635710942959612,0.018036382399740113
611,0.04020077051645908,0.041857893166125454,0.003694380035179367,0.04163058862991721,0.718528814010923,0.4697645868241618,0.031310204194051755,0.28127792139386065,0.48858561126733946,0.46216713733385273,0.016378707729991213
612,0.04057512281849747,0.04074150149453276,0.0046802112288636686,0.04054543391094641,0.7916880423477162,0.7536141480166565,0.03336423267976664,0.2774142253339429,0.48858561126733946,0.46216713733385273,0.021351731739237916
613,0.04187064555482005,0.04230110484098998,0.012692765008046062,0.04204231996238979,0.7916880423477162,0.7536141480166565,0.02863081986857979,0.2774142253339429,0.48858561126733946,0.46216713733385273,0.02798243041823351
614,0.04066490650069367,0.04193733676822381,0.00675866779045341,0.04168415295961306,0.799952963046576,0.5322129502131825,0.022963643213895924,0.2774142253339429,0.48538135849104247,0.46114285034742153,0.021351731739237916
615,0.03806625224142174,0.03936169156335079,0.004518069049979623,0.03919368027802196,0.799952963046576,0.5322129502131825,0.022616250598605354,0.2774142253339429,0.4844827316836642,0.4580339635866588,0.01969405706948901
616,0.03765334875380756,0.03924984333408073,0.006650110500111268,0.03907988052634567,0.7618758798743315,0.5279128025615077,0.023660691012531692,0.27373738733803143,0.4868063080277736,0.4551149992550003,0.018036382399740113
617,0.035788688777800615,0.03740382489584787,0.0034000794021764,0.037294210043664386,0.7618758798743315,0.5279128025615077,0.01818805028418478,0.27373738733803143,0.47389865860835156,0.4444643033274549,0.013063358390493413
618,0.03458751499565031,0.03572557880152008,0.0020539436033860554,0.035670155290112554,0.7778320808320516,0.5458997627619158,0.02330206011561106,0.27373738733803143,0.47389865860835156,0.4444643033274549,0.011405683720744512
619,0.0348051262931767,0.03606791800793077,0.0029631430781357554,0.03599460878820576,0.7778320808320516,0.5458997627619158,0.02315280135912794,0.27373738733803143,0.47389865860835156,0.4444643033274549,0.014721033060242309
620,0.03440287510684005,0.03563881802554425,0.004533775162528583,0.03557490978292886,0.7952666394287238,0.5365429600013272,0.022707181555048767,0.2700876433496379,0.47389865860835156,0.4444643033274549,0.016378707729991213
621,0.033398515272102886,0.03465779407068495,0.003937572809968206,0.03462341964661965,0.7952666394287238,0.5365429600013272,0.017946112266665117,0.2700876433496379,0.4703223233635989,0.44408096081861803,0.013063358390493413
622,0.03215422503240076,0.03361457413786706,0.0025719977152568367,0.03361229884979526,0.66427987921996,0.6352705011861903,0.025130452162008137,0.2700876433496379,0.47216500694025765,0.44337268656643314,0.013063358390493413
623,0.03228966143435773,0.03346143614171693,0.004595591733844275,0.03345931237632048,0.66427987921996,0.6352705011861903,0.023073905983855943,0.2700876433496379,0.46157206948213503,0.4337516989837924,0.013063358390493413
624,0.03181233688663669,0.03273442265146158,0.0030275421711020113,0.0327523785187885,0.6389439486366963,0.3801084990958409,0.017332220965343575,0.2665476342093221,0.45310303814532293,0.425491647260535,0.013063358390493413
625,0.03194726603615189,0.033180770257987866,0.0016384750994925454,0.033175998174713534,0.6389439486366963,0.3801084990958409,0.017364779482149418,0.2665476342093221,0.44207441627208155,0.41270616027214513,0.013063358390493413
626,0.032177051392281136,0.03345620958894731,0.0030970018239254854,0.03343581554358492,0.7859430414472004,0.6000066360303267,0.019711254686696624,0.2665476342093221,0.44207441627208155,0.41270616027214513,0.016378707729991213
627,0.03165052335770681,0.03263145956189989,0.0068005787538861955,0.03263617916326127,0.7859430414472004,0.6000066360303267,0.024172557126901775,0.2665476342093221,0.44207441627208155,0.41270616027214513,0.016378707729991213
628,0.03621985335331908,0.03292989572504569,0.015903740799375225,0.03291782933627649,0.7762367139288815,0.6128141745607778,0.0213882678346819,0.26283789634713894,0.4346039576588323,0.40402359235301644,0.01969405706948901
629,0.035711586406649065,0.03652001482250365,0.007279447542775735,0.036367605957536325,0.7762367139288815,0.6128141745607778,0.022818777682076557,0.26283789634713894,0.42262197141436,0.3934524679772595,0.016378707729991213
630,0.03484722824584498,0.03643011811486603,0.004934113388673324,0.03627502649790232,0.802721944476205,0.3530500854388905,0.015504957144157689,0.26283789634713894,0.42117884989286836,0.39667135585027524,0.014721033060242309
631,0.03397018877399621,0.03521755787231219,0.003495995875603737,0.03510165690882294,0.802721944476205,0.3530500854388905,0.02266362592514695,0.26283789634713894,0.42070682150822813,0.39328055844888987,0.014721033060242309
632,0.03391895627737579,0.03465256751791532,0.0035987155314720675,0.034552813876389324,0.7635519178118628,0.5398510211191665,0.020098010442033656,0.259162087758808,0.4251181816136964,0.3949854882475441,0.013063358390493413
633,0.03403410258166131,0.03546581912886955,0.005314461345109227,0.03532903562495812,0.7635519178118628,0.5398510211191665,0.02078137195025696,0.259162087758808,0.4251181816136964,0.3949854882475441,0.014721033060242309
634,0.03342387789419221,0.034786889924094774,0.007255216118739238,0.034669974750061616,0.707106395244643,0.4510377092423312,0.02224862869402865,0.259162087758808,0.4251181816136964,0.3949854882475441,0.016378707729991213
635,0.0323916191751568,0.03384036121751502,0.00492630165543293,0.0337533750344894,0.707106395244643,0.4510377092423312,0.029002647645332415,0.259162087758808,0.41007754008058406,0.3782817581430553,0.016378707729991213
636,0.0311534159647561,0.03264975249659359,0.00510641834626552,0.03260184259215314,0.7739177285283676,0.6107138709623903,0.01785025489567164,0.25540322656688497,0.4088974691189833,0.37882162051749835,0.014721033060242309
637,0.030286521541743074,0.031676568370888725,0.00571416931099425,0.031658468182000604,0.7739177285283676,0.6107138709623903,0.016311058237738884,0.25540322656688497,0.40828028646582704,0.3764175103582923,0.013063358390493413
638,0.02780250633431487,0.02906224667552045,0.002087707545870985,0.029138829871600793,0.6316849899870589,0.39153906133351024,0.020270434473345717,0.25540322656688497,0.4101227484329155,0.38600194749186967,0.011405683720744512
639,0.02782127467466097,0.029016253011147717,0.0013580202026055998,0.029089370108174344,0.6316849899870589,0.39153906133351024,0.017279105865925907,0.25540322656688497,0.4226401433991205,0.39698387093389353,0.011405683720744512
640,0.0278461300443085,0.02912548796403296,0.001699350983853433,0.029188489749727566,0.5953234651014785,0.4635565804535726,0.020893586149318594,0.25202676970295373,0.4226401433991205,0.39698387093389353,0.011405683720744512
641,0.02781112962582524,0.029029319393071785,0.00407687007019521,0.02909058267466261,0.5953234651014785,0.4635565804535726,0.018168345295100568,0.25202676970295373,0.4226401433991205,0.39698387093389353,0.013063358390493413
642,0.027613808425970315,0.028916425853247812,0.0043441259532475615,0.028975905998301323,0.8154828620859378,0.6050002488511372,0.016018049652619066,0.25202676970295373,0.42444648300625776,0.39762236705604836,0.013063358390493413
643,0.026798146499577718,0.028077564133722397,0.00387684810743934,0.028164195693576668,0.8154828620859378,0.6050002488511372,0.016052287841831162,0.25202676970295373,0.4259806860611235,0.39472124074259307,0.013063358390493413
644,0.027858304102911378,0.027615014213610258,0.0034786519598745385,0.027714418119891972,0.7003321761976795,0.3751646565024802,0.01445316888036401,0.24844673719590937,0.4093694975036235,0.3807710360950549,0.014721033060242309
645,0.028067292108927392,0.029095173957969105,0.0018929057237950248,0.02913154754756492,0.7003321761976795,0.3751646565024802,0.02138102417573892,0.24844673719590937,0.39587170179861664,0.37066544901789467,0.013063358390493413
646,0.028537007870021638,0.02928646578933752,0.0036980335961199007,0.029310389467725722,0.38342672393125743,0.4643197239411384,0.023163525377296493,0.24844673719590937,0.4014179245133538,0.3731188760509565,0.013063358390493413
647,0.028021639389166613,0.02913594106957221,0.0034706309237867005,0.02915941499152205,0.38342672393125743,0.4643197239411384,0.02390236807480044,0.24844673719590937,0.4014179245133538,0.3731188760509565,0.013063358390493413
648,0.026602854309489932,0.02773731554841957,0.00244471101168492,0.027809541221226784,0.5904711304771344,0.5872289596363455,0.020764385770770468,0.24488770460350656,0.4014179245133538,0.3731188760509565,0.014721033060242309
649,0.02686713283166067,0.027948468280312572,0.003238272846959444,0.028005670107002337,0.5904711304771344,0.5872289596363455,0.015085241689162036,0.24488770460350656,0.3945010466065977,0.3646260556784007,0.014721033060242309
650,0.027520981229123397,0.027297762460493796,0.008279850649309205,0.02737484205563716,0.6870077860843651,0.5609900957247375,0.017686088616436977,0.24488770460350656,0.40194424724270617,0.37110160605121534,0.016378707729991213
651,0.0271689480345236,0.02841206351097864,0.005315763524622377,0.028439443149434685,0.6870077860843651,0.5609900957247375,0.016930449577222475,0.24488770460350656,0.39831339604367066,0.37307585494823114,0.018036382399740113
652,0.023312307719621287,0.02441845453970534,0.0022778566630765598,0.024599937809807734,0.3599478382505671,0.372865271994293,0.01592141400409704,0.24128436630884048,0.4044404574420426,0.37835520880624474,0.016378707729991213
653,0.0227431704799369,0.02390991095522046,0.0017847687189459038,0.024106378894760982,0.3599478382505671,0.372865271994293,0.01674040609589743,0.24128436630884048,0.4044404574420426,0.37835520880624474,0.014721033060242309
654,0.02334071385636133,0.02373273081633005,0.00271074467361528,0.023930983116839676,0.600968043787961,0.502765565638635,0.013255977688992487,0.24128436630884048,0.4044404574420426,0.37835520880624474,0.018036382399740113
655,0.02303179711931339,0.02402384980559837,0.005898359176341141,0.024204872793926333,0.600968043787961,0.502765565638635,0.01657352530852523,0.24128436630884048,0.4044404574420426,0.37835520880624474,0.021351731739237916
656,0.022892302697822112,0.023022964950214473,0.008139125896628286,0.02323970682497747,0.720383391187182,0.5953680508319923,0.012216077514080052,0.23726811204549753,0.4006281080049696,0.3788270418759718,0.026324755748484616
657,0.027619895455271753,0.02160813711547598,0.01186000441140523,0.021876860445871723,0.720383391187182,0.5953680508319923,0.01833467960585392,0.23726811204549753,0.4050578617047691,0.38449306101091896,0.026324755748484616
658,0.02738757383693356,0.028398474473777597,0.00366590745681521,0.028386139067289835,0.7203640596391965,0.485505250758996,0.01271581867249498,0.23726811204549753,0.3992301948358099,0.3756510002231501,0.021351731739237916
659,0.027327718048802765,0.028144986664450613,0.0047606735594620826,0.028137379174220278,0.7203640596391965,0.485505250758996,0.01973166157849419,0.23726811204549753,0.3992301948358099,0.37850298454528075,0.02466708107873571
660,0.0288002718873088,0.028582449131268537,0.005467785255711239,0.0285521216102029,0.8146441711097598,0.5345189707516963,0.013367816227198414,0.23327405180958938,0.4065645851729234,0.38534561335151163,0.02466708107873571
661,0.02706901930349168,0.028446036103981224,0.010542245778445054,0.02841545265910989,0.8146441711097598,0.5345189707516963,0.017617487400079557,0.23327405180958938,0.4065645851729234,0.38534561335151163,0.029640105087982416
662,0.03408026255386387,0.02811205938200195,0.013579572101755907,0.028090127460534683,0.8100429106249687,0.5470677040994077,0.017016820029995144,0.23327405180958938,0.4065645851729234,0.38534561335151163,0.03627080376697801
663,0.04139940803640044,0.03392294075127515,0.020228339435279564,0.03365567971254005,0.8100429106249687,0.5470677040994077,0.027232415164088006,0.23327405180958938,0.39932105475961377,0.379569243339249,0.04455917711572252
664,0.039792432300820996,0.041310673091145333,0.013288546403194166,0.04073222938267587,0.696286568001184,0.5907427376943113,0.024043092734286602,0.22909416291725543,0.40090955215919166,0.3834079149035592,0.03627080376697801
665,0.03394178263725617,0.035514948724904044,0.006578677420440465,0.0351700260566291,0.696286568001184,0.5907427376943113,0.022493276631461664,0.22909416291725543,0.3891819737013704,0.3779996726199011,0.029640105087982416
666,0.033298079288629184,0.03436040321809307,0.008133204272247795,0.034056824921914225,0.39141501908462106,0.18872538447500709,0.020598055187949275,0.22909416291725543,0.37193543050595324,0.36733008937896416,0.03295545442748021
667,0.03186204762593177,0.03313634455944603,0.0050083604661774975,0.03287760383918656,0.39141501908462106,0.18872538447500709,0.017229740779493085,0.22909416291725543,0.37193543050595324,0.36733008937896416,0.014721033060242309
668,0.0298665165199439,0.031328479956431454,0.0029657299672614665,0.031139374583840026,0.6451912190794835,0.5414834845795246,0.01906002986541751,0.22596496975415237,0.37193543050595324,0.36733008937896416,0.013063358390493413
669,0.03031239141627418,0.031197816137190738,0.006675517782841271,0.031008639311799962,0.6451912190794835,0.5414834845795246,0.018111824203924435,0.22596496975415237,0.37193543050595324,0.36733008937896416,0.018036382399740113
670,0.03066087384378147,0.03183859150674721,0.007172990000100567,0.03161649855498813,0.6404611526980941,0.6031189342535295,0.021559414141144522,0.22596496975415237,0.38140281295675793,0.3724499503683374,0.021351731739237916
671,0.030484349994039785,0.031965074083772235,0.008739821709195987,0.03173203452395988,0.6404611526980941,0.6031189342535295,0.01806667416611592,0.22596496975415237,0.38200182362515367,0.3736945893443373,0.021351731739237916
672,0.028664835485351817,0.029732290740586854,0.00582864755379763,0.029587418236623173,0.6219711819224512,0.40244537717537365,0.013900520717616112,0.22272641232970047,0.39921202285104895,0.3836656917548482,0.018036382399740113
673,0.027301848174271653,0.02839481588683886,0.004000313270257366,0.028301059114614,0.6219711819224512,0.40244537717537365,0.018810246940409715,0.22272641232970047,0.394591906530402,0.3826602920818085,0.014721033060242309
674,0.026615535620534595,0.027797420905270296,0.004835760536033045,0.027723985380105367,0.6205441191461052,0.3888614230967036,0.012556231058651831,0.22272641232970047,0.394591906530402,0.3826602920818085,0.016378707729991213
675,0.02782431818931169,0.027935401898388498,0.004586395175022558,0.027850390847027087,0.6205441191461052,0.3888614230967036,0.015993863975847438,0.22272641232970047,0.394591906530402,0.3826602920818085,0.016378707729991213
676,0.027907507589764662,0.02914587151983451,0.010374853222514696,0.02900427090040086,0.7157228988810784,0.6338105745143254,0.015942273409505537,0.21915902094774425,0.394591906530402,0.3826602920818085,0.021351731739237916
677,0.025404724041990356,0.026143739608959774,0.007202680768071194,0.026125392700410605,0.7157228988810784,0.6338105745143254,0.014831819155314004,0.21915902094774425,0.39202300839202175,0.381323490011759,0.018036382399740113
678,0.023299626408576624,0.024562184740870126,0.005335962761219033,0.024606544900153942,0.7897938181872499,0.5735189209814688,0.009504927191943398,0.21915902094774425,0.3958535298138557,0.383390076885356,0.013063358390493413
679,0.02162873686533209,0.02281651611581414,0.0029864835372422037,0.022930900459724072,0.7897938181872499,0.5735189209814688,0.01200275128026915,0.21915902094774425,0.40091863815157236,0.3863142876929566,0.008090334381246709
680,0.021236630727831166,0.022389506754535476,0.0019474067742389818,0.02251810142102788,0.6301091904742622,0.37216848880999387,0.009839981498853883,0.2159661692198651,0.3934481795383231,0.37811614438581587,0.008090334381246709
681,0.021293950253753035,0.022275567904157568,0.0013442752543775932,0.022404345397519478,0.6301091904742622,0.37216848880999387,0.010633860136715849,0.2159661692198651,0.3893998159089298,0.37456585411579035,0.006432659711497809
682,0.021180832959234657,0.022291247562466452,0.00211972886577214,0.022415096006689856,0.7842794415699263,0.516741045506578,0.008292757551521368,0.2159661692198651,0.3893998159089298,0.37456585411579035,0.006432659711497809
683,0.020801408132778403,0.02198183563850443,0.0023136783582751227,0.02211472023096227,0.7842794415699263,0.516741045506578,0.006992195389690092,0.2159661692198651,0.3893998159089298,0.37456585411579035,0.008090334381246709
684,0.02061879725373528,0.02162538473961576,0.002228508225427542,0.02176972780524483,0.6890387665812059,0.5398576571494932,0.008993875105015363,0.21231148407508532,0.3929943231384434,0.37535649804026616,0.008090334381246709
685,0.02064923240024247,0.02180256487850617,0.001993290460257681,0.02192411442119797,0.6890387665812059,0.5398576571494932,0.016363649610482655,0.21231148407508532,0.38505183614055394,0.3700099892901936,0.008090334381246709
686,0.020975395720311155,0.021754480593025583,0.00223125906285109,0.021885136944773027,0.5489184567790499,0.48124160127411786,0.012168968113365583,0.21231148407508532,0.40179000698180944,0.3806367263109369,0.008090334381246709
687,0.02064365262338282,0.02172991579500833,0.0020181514726346434,0.021856181087807933,0.5489184567790499,0.48124160127411786,0.012168968113365583,0.21231148407508532,0.3883921571929867,0.3703592297054068,0.008090334381246709
688,0.020282488884830866,0.021188444928074795,0.0012094294592045727,0.021333841536873174,0.6844281114645876,0.4201204439504288,0.007724557220522964,0.20823696534268793,0.3907250411390466,0.3668152352065117,0.006432659711497809
689,0.02039864969399997,0.021445591324340523,0.0010636943726306293,0.02157400989322066,0.6844281114645876,0.4201204439504288,0.008196985827379471,0.20823696534268793,0.3907250411390466,0.3668152352065117,0.008090334381246709
690,0.020268793068902637,0.021348377442825434,0.0016878316001726044,0.021476913460570405,0.6136389964299074,0.527856396303731,0.012094802528119425,0.20823696534268793,0.3907250411390466,0.3668152352065117,0.008090334381246709
691,0.020277416360413008,0.021244891697986785,0.002166851570894167,0.02137423295303054,0.6136389964299074,0.527856396303731,0.015344014092417837,0.20823696534268793,0.37861607261081875,0.3540970779927122,0.008090334381246709
692,0.02011712458880849,0.021104820083760734,0.0028519653027052304,0.02123562634286334,0.778628943263626,0.6507921761202449,0.010539381335916035,0.20324676797931368,0.37422288449011143,0.348259848859521,0.008090334381246709
693,0.01981683114327092,0.02090046187046825,0.0036831253876843904,0.021035251538277403,0.778628943263626,0.6507921761202449,0.010826707405374166,0.20324676797931368,0.34779018138854134,0.32159131211565173,0.008090334381246709
694,0.020215024310073274,0.020611956157584748,0.0032692651225239688,0.020755172629204528,0.6236358142255927,0.4048874363355841,0.010293380063522414,0.20324676797931368,0.34096416340558955,0.31840914957423094,0.009748009050995609
695,0.020235314407744735,0.021404824212737424,0.0013456820853144653,0.021507864246584647,0.6236358142255927,0.4048874363355841,0.01462728510611085,0.20324676797931368,0.32938173921628433,0.3143064053875011,0.008090334381246709
696,0.02045749097724719,0.021263184632680485,0.0017231913508844335,0.02136817053491184,0.7990842697891432,0.6458184713904143,0.010245877987287523,0.1988075507293085,0.32938173921628433,0.3143064053875011,0.008090334381246709
697,0.020612202971992056,0.021617544910461316,0.004161321921360873,0.021701433123359117,0.7990842697891432,0.6458184713904143,0.009708690419482306,0.1988075507293085,0.32938173921628433,0.3143064053875011,0.011405683720744512
698,0.01944450785099967,0.020511083689130915,0.0021815498045629792,0.020640692771654024,0.7046016844883918,0.5608474210727142,0.008360909504259991,0.1988075507293085,0.32859214431747064,0.31623238670584963,0.008090334381246709
699,0.0189195015737507,0.01993198164225606,0.002333105223689959,0.020083548651986183,0.7046016844883918,0.5608474210727142,0.009651830660008003,0.1988075507293085,0.3356087465308406,0.3101123725193786,0.008090334381246709
700,0.01838891551964209,0.01940462246780052,0.001679676516193707,0.01957600847066378,0.7000057602972309,0.5803440781724373,0.011997385352076707,0.19458380907404665,0.3409187334436874,0.30993504163253527,0.008090334381246709
701,0.018416307151498553,0.019415598228616732,0.0014015647697232906,0.019582187472308516,0.7000057602972309,0.5803440781724373,0.008033637590283024,0.19458380907404665,0.3382501109986935,0.30781301699648345,0.008015749747483678
702,0.018467539648118984,0.01921803453392477,0.001011566037050352,0.019389007896786752,0.7507333220056436,0.5167841797037013,0.010336681811685622,0.19458380907404665,0.3488069260968647,0.3126696797760944,0.007432881765035919
703,0.01862935317704886,0.019393124051707334,0.0011107119223894935,0.01955191751489663,0.7507333220056436,0.5167841797037013,0.010834317548724482,0.19458380907404665,0.3488069260968647,0.3126696797760944,0.006850013782588163
704,0.018600947040308815,0.019720828910363055,0.0016501328985395805,0.01986022556844076,0.7632701231553498,0.6962622559185094,0.012551070262315969,0.19026622662374942,0.3488069260968647,0.3126696797760944,0.007432881765035919
705,0.0188637038051542,0.019649747792696102,0.002410732726958146,0.019788083577237426,0.7632701231553498,0.6962622559185094,0.009326076874710536,0.19026622662374942,0.3409732493979698,0.3064949273572941,0.008598617729931434
706,0.019138634628602446,0.01987448956179014,0.0020170092099038098,0.019997785764827716,0.7729482906645753,0.537558272641306,0.007270215966958999,0.19026622662374942,0.3409732493979698,0.3064949273572941,0.007432881765035919
707,0.019220809524171847,0.020227804529017037,0.00425795230899498,0.02033046860381087,0.7729482906645753,0.537558272641306,0.0079680007491056,0.19026622662374942,0.3393574940212507,0.3011842695261593,0.008598617729931434
708,0.018604497807401327,0.01959539164389196,0.0013559498514059641,0.01972347531043162,0.6911214188082271,0.40783051578545715,0.005607756092582451,0.18604289673151975,0.33503677223001604,0.29516900997599893,0.007432881765035919
709,0.019302477167299468,0.019165769006228486,0.005274650129343415,0.019309809782995607,0.6911214188082271,0.40783051578545715,0.008680236908048661,0.18604289673151975,0.3202591812567943,0.28722147333635983,0.006850013782588163
710,0.019341028352875236,0.020241916221495033,0.0034475336994499953,0.02033216182812742,0.7341242565438082,0.5053403454053785,0.009590626234575975,0.18604289673151975,0.3202591812567943,0.28722147333635983,0.008015749747483678
711,0.01917059153243499,0.02024034825566415,0.0024713653765492914,0.020326510938267036,0.7341242565438082,0.5053403454053785,0.01115690641520957,0.18604289673151975,0.3202591812567943,0.28722147333635983,0.007432881765035919
712,0.01931110045880983,0.019685811006806542,0.0033623259391242213,0.019793603341783098,0.5272833710586549,0.5559765748129469,0.013519436580908314,0.18158103251474428,0.32499763708795704,0.2904351147334334,0.009764353694826953
713,0.01890326949561354,0.019854106005988584,0.0047361908376248015,0.01994944926735091,0.5272833710586549,0.5559765748129469,0.009674109929627892,0.18158103251474428,0.31575696122752195,0.28724036064975156,0.008598617729931434
714,0.017285641458756575,0.018151295113643554,0.0018278091786437074,0.018321649557739555,0.5257832708013483,0.4873600212352971,0.012225676843793571,0.18158103251474428,0.3188885260647758,0.29215788255029085,0.006850013782588163
715,0.016806795153710172,0.017806342630848054,0.001447943996191395,0.01798868634073444,0.5257832708013483,0.4873600212352971,0.0071764150762835405,0.18158103251474428,0.3041927090229777,0.287289502641076,0.007432881765035919
716,0.016755055404647955,0.01765006870303616,0.002175510594313137,0.01781457018102794,0.40880076270344334,0.3492642301375317,0.011374450756460906,0.1777757656290938,0.3044196372229173,0.2854065424254528,0.007432881765035919
717,0.017358178557932032,0.017807910596678942,0.0015163747726580524,0.017961122346026124,0.40880076270344334,0.3492642301375317,0.010997444595179682,0.1777757656290938,0.3044196372229173,0.2854065424254528,0.006267145800140404
718,0.017417527093621054,0.01840164699130876,0.0014532647567795053,0.018521910093398642,0.5467531531648977,0.49024005839706686,0.011804425289573667,0.1777757656290938,0.3044196372229173,0.2854065424254528,0.006850013782588163
719,0.01765593574126068,0.01835565332693603,0.0016921362508697131,0.018473712312997267,0.5467531531648977,0.49024005839706686,0.008625893598367615,0.1777757656290938,0.30717003359933504,0.28184470990835453,0.008598617729931434
720,0.018519786649622987,0.018760188511305297,0.004363905576270449,0.018854279237215475,0.6372161833639671,0.5721485807190139,0.011920931581190834,0.17377869952305075,0.3033395121775013,0.2623078827951264,0.013844429571961255
721,0.01714716154214888,0.018058785129621124,0.002147907479462921,0.018182807235395743,0.6372161833639671,0.5721485807190139,0.007850357724944888,0.17377869952305075,0.28182676314513166,0.23930068672872418,0.006267145800140404
722,0.017033029742746928,0.017707560783502076,0.0015342058298459889,0.017844132525283263,0.4412196059207707,0.3477180350714203,0.009478520623486877,0.17377869952305075,0.27452871677753965,0.2327516856927201,0.007432881765035919
723,0.017211582602255752,0.01814606856087392,0.0013181459944097784,0.018257516117093562,0.4412196059207707,0.3477180350714203,0.008454456513196828,0.17377869952305075,0.2324652258572717,0.19950371835238268,0.007432881765035919
724,0.016869187204049906,0.017722717786533993,0.001059881230867406,0.01785071833564694,0.76887918664915,0.412827446621431,0.002920469315643947,0.17011211442664076,0.2324652258572717,0.19950371835238268,0.007432881765035919
725,0.01683976656242629,0.017712787336271702,0.0029981749322519104,0.01783740721592707,0.76887918664915,0.412827446621431,0.008891385647128484,0.17011211442664076,0.2324652258572717,0.19950371835238268,0.008598617729931434
726,0.01880993504632483,0.01695336921884465,0.0060596197971646846,0.017112075771457996,0.6920887529348543,0.48043200557426546,0.0066346438725106045,0.17011211442664076,0.23562404867166653,0.20329936881396748,0.008598617729931434
727,0.018559352340082328,0.0196779711776521,0.00236646601462283,0.019699149994487925,0.6920887529348543,0.48043200557426546,0.008376161526177945,0.17011211442664076,0.2440476500465767,0.20589340140227796,0.008015749747483678
728,0.01833717577057987,0.019100959751885086,0.0042840311750187874,0.019146790422355394,0.5562014054963225,0.39204008162317305,0.007923079166626639,0.1666447402852027,0.2565559590204014,0.2128290677152156,0.008598617729931434
729,0.01695947813868789,0.017594667243678096,0.0028787708494016247,0.017710693692364634,0.5562014054963225,0.39204008162317305,0.011543256686233638,0.1666447402852027,0.26965419267024116,0.2222594333386263,0.008598617729931434
730,0.01720448106807074,0.01764118356332779,0.0030299778783956996,0.01775103783836317,0.5005939903933336,0.3519285963136851,0.008687634463678082,0.1666447402852027,0.26989020686256127,0.22394005446541554,0.007432881765035919
731,0.017523035601512627,0.018300774522854935,0.004461837471498454,0.01837358683635688,0.5005939903933336,0.3519285963136851,0.008317544859190156,0.1666447402852027,0.26989020686256127,0.22394005446541554,0.010930089659722472
732,0.016003307285920452,0.01700302147015612,0.002210257554665837,0.017136200359005472,0.8004128480313644,0.6727773445924647,0.009913721143954227,0.16331563616997297,0.26989020686256127,0.22394005446541554,0.009181485712379197
733,0.01590946558418996,0.016932985663043094,0.0028384933216739306,0.017065723168965322,0.8004128480313644,0.6727773445924647,0.0061251135466062236,0.16331563616997297,0.27590845796193864,0.22470026882942729,0.007432881765035919
734,0.01546003992076717,0.01640980773080326,0.0025349457359052406,0.016564388088496213,0.7510297134499506,0.3762861456276855,0.005243499650450515,0.16331563616997297,0.2817086452441866,0.2273551605386661,0.005684277817692644
735,0.014683436432392127,0.01532738865221316,0.0025980093893553007,0.015532469907740928,0.7510297134499506,0.3762861456276855,0.005537438306849236,0.16331563616997297,0.2850943962585213,0.22466354349783235,0.005101409835244888
736,0.014319736431631248,0.015127211681136381,0.0014154063063439779,0.01533887770117737,0.5288738467998111,0.2254757204240423,0.0057868885856031185,0.16026023094223774,0.29251056052705837,0.22947718517471816,0.003935673870349373
737,0.014516550379044386,0.015300210577811089,0.0010902141856645009,0.015499720323027464,0.5288738467998111,0.2254757204240423,0.0067610664636625455,0.16026023094223774,0.28327897065900354,0.2225541104040416,0.004518541852797129
738,0.014367925413600966,0.015311708993904268,0.002101532284510337,0.015506932810341264,0.5270405542758405,0.4702689251289879,0.008005012424253704,0.16026023094223774,0.28327897065900354,0.2225541104040416,0.003935673870349373
739,0.01314493977645385,0.014033294186453094,0.0011522155347748863,0.014289302726716791,0.5270405542758405,0.4702689251289879,0.0034747015627940997,0.16026023094223774,0.28327897065900354,0.2225541104040416,0.0021870699230060985
740,0.013034865996586192,0.013930331096891405,0.0011944750563203895,0.014187648595942449,0.5531705345456679,0.25682100967201416,0.0021931191638607066,0.15716187883024546,0.28344251852185076,0.22404393468906925,0.0033528058879016154
741,0.013387406443627767,0.013912560817474665,0.0017162369866114185,0.014167615387990957,0.5531705345456679,0.25682100967201416,0.006797041964847313,0.15716187883024546,0.2861202269592251,0.22764966272154985,0.0033528058879016154
742,0.013482262650241838,0.014301416343535042,0.0015551865085343855,0.01453383294366795,0.7301391270061739,0.37695638469067805,0.002242059266027746,0.15716187883024546,0.28186310711465334,0.22400720935747453,0.003935673870349373
743,0.013562915788485879,0.01436570294260148,0.0012409340731998392,0.014591188206771018,0.7301391270061739,0.37695638469067805,0.0031315299225840865,0.15716187883024546,0.2699719807939849,0.21724345257290678,0.003935673870349373
744,0.013591829177667703,0.014493230830180417,0.0004948727296475832,0.014709229556464868,0.513214569570489,0.2880866665560662,0.004820815423226689,0.15434109617825026,0.2758539420076562,0.22189777626368357,0.0033528058879016154
745,0.01355124898232479,0.014337479557645482,0.0004418457020658414,0.014558283628022865,0.513214569570489,0.2880866665560662,0.003960002050269012,0.15434109617825026,0.2758539420076562,0.22189777626368357,0.0033528058879016154
746,0.013509654282098302,0.014427898920560057,0.0012443356644203354,0.014640703776024885,0.7042971887797331,0.3519750485259717,0.0026139522337991043,0.15434109617825026,0.2758539420076562,0.22189777626368357,0.004518541852797129
747,0.013385377433860628,0.014240265676130386,0.001390314321723648,0.014459421349338478,0.7042971887797331,0.3519750485259717,0.005217344478444505,0.15434109617825026,0.2754636875544396,0.2183661984245182,0.004518541852797129
748,0.013512697796749022,0.014208906359512618,0.00268163813943551,0.014426619435369176,0.7204893698022115,0.4643296779866284,0.004409474815613334,0.15153867815749056,0.28148171704424674,0.2224187513247351,0.006267145800140404
749,0.013550234477441223,0.014463962134670497,0.0031528131169136333,0.014665151058573193,0.7204893698022115,0.4643296779866284,0.0016383131975105554,0.15153867815749056,0.27925786500675187,0.22102738590488769,0.005684277817692644
750,0.012497178408292568,0.013309939283136476,0.0016364217142540588,0.013567097199845932,0.3675465419624754,0.2884184680723991,0.00666875617232144,0.15153867815749056,0.30370250865357673,0.23896928433171438,0.0033528058879016154
751,0.012389640890633841,0.013192864501096791,0.00045058065236045007,0.013453153983517964,0.3675465419624754,0.2884184680723991,0.008174537749344526,0.15153867815749056,0.2946980685950318,0.2310406350054668,0.0033528058879016154
752,0.012422612299349958,0.01331621114646003,0.0005808699950961384,0.013566450906434085,0.6403466500581012,0.48043532358942875,0.004448563235736305,0.14853400213532075,0.2946980685950318,0.2310406350054668,0.0033528058879016154
753,0.012324205325643389,0.01321220274634442,0.0014932313538726734,0.013463930405297808,0.6403466500581012,0.48043532358942875,0.006753495129041859,0.14853400213532075,0.2946980685950318,0.2310406350054668,0.003935673870349373
754,0.012116739076952737,0.012997914082789639,0.001188377389095499,0.013257441043364987,0.5238547460585818,0.47509995520679527,0.0075998483311067,0.14853400213532075,0.30107931617048456,0.23354862538832655,0.0027699379054538543
755,0.012116231824510944,0.012971258663664536,0.0016614675044257156,0.01322847969740425,0.5238547460585818,0.47509995520679527,0.006167079739177565,0.14853400213532075,0.30013525940120434,0.23467049682728103,0.0033528058879016154
756,0.012026955394756532,0.012850525294686114,0.0008939717687091837,0.013110203738317255,0.6359962778982473,0.45519850025714614,0.005365751163459987,0.1456792490331701,0.29174800199581563,0.22459009283464293,0.0033528058879016154
757,0.01205333252172943,0.012951397763139947,0.0007678483253447702,0.013202212744266369,0.6359962778982473,0.45519850025714614,0.0036475950267938033,0.1456792490331701,0.30146957062370117,0.23223683152026764,0.0033528058879016154
758,0.012126376873346674,0.012886588508796547,0.0004508494200618225,0.013137334233208647,0.41008137915375764,0.2996399953547788,0.006143799280803802,0.1456792490331701,0.3078871621686756,0.23709891565835228,0.0021870699230060985
759,0.012188768923686408,0.013048088989378082,0.0011692654858307088,0.013287160602797953,0.41008137915375764,0.2996399953547788,0.0038367254515046557,0.1456792490331701,0.3078871621686756,0.23709891565835228,0.0027699379054538543
760,0.011909272828262079,0.01282596049666886,0.0011594134697772704,0.013073081452077969,0.5881961556464055,0.39519883205866246,0.0038254527581931506,0.14304310092480743,0.3078871621686756,0.23709891565835228,0.0027699379054538543
761,0.011761662367702225,0.012614807764775863,0.001139936210418427,0.01286976791959817,0.5881961556464055,0.39519883205866246,0.00450418417467879,0.14304310092480743,0.2923288406794504,0.2223515964326761,0.0033528058879016154
762,0.01174999556154114,0.012564632858187427,0.0008486592140559016,0.012819020214122435,0.4847520425162397,0.39612124027406803,0.00750840827295399,0.14304310092480743,0.310701160491756,0.23988269579323562,0.0027699379054538543
763,0.011834199466877686,0.01263989521807007,0.0008780472824028585,0.01288696528249918,0.4847520425162397,0.39612124027406803,0.005386010276203376,0.14304310092480743,0.30031675763924204,0.2299491931269766,0.0033528058879016154
764,0.011828619690018034,0.012737631754862134,0.001286716971330523,0.012975748391380097,0.20507158152303506,0.24445476715828596,0.009786509951769305,0.14055189340377444,0.2877632403130854,0.21799824557844483,0.0033528058879016154
765,0.011587167527727687,0.012360797300171904,0.0002294520260561659,0.012615385400946016,0.20507158152303506,0.24445476715828596,0.007171879234317825,0.14055189340377444,0.3046374794304767,0.23291729944995931,0.0033528058879016154
766,0.011648037820742065,0.012454875250025216,0.0002874764530853039,0.012700332184731006,0.5478140782061873,0.330354861721718,0.0027485026729310094,0.14055189340377444,0.3046374794304767,0.23291729944995931,0.0021870699230060985
767,0.01157854423621732,0.012465851010841442,0.0009471121826649419,0.01270698387550321,0.5478140782061873,0.330354861721718,0.0032136063710411396,0.14055189340377444,0.3046374794304767,0.23291729944995931,0.0033528058879016154
768,0.011339121083694118,0.012124034459707719,0.0016197999437424853,0.012380292686469643,0.41019092546392244,0.38353932677472335,0.006838470952836184,0.13801460959943979,0.31597480343508133,0.24464806989145393,0.0027699379054538543
769,0.011597819829005207,0.012168460158249565,0.002278738557096688,0.012419223141952353,0.41019092546392244,0.38353932677472335,0.005406495932516242,0.13801460959943979,0.3032125298937458,0.23580495980849658,0.004518541852797129
770,0.011899127779426349,0.01275174344734013,0.0018560465852691633,0.012967533333716603,0.5914566608931007,0.3315261210743733,0.0024873281431347337,0.13801460959943979,0.28200826138316937,0.22114385767080247,0.0033528058879016154
771,0.01197014312127645,0.012799827732820717,0.001103728161649141,0.013009648450265636,0.5914566608931007,0.3315261210743733,0.004382145822918231,0.13801460959943979,0.2814274226995348,0.22026717154087594,0.0027699379054538543
772,0.011931084683258895,0.012833277670546341,0.0008468450320716365,0.013038270789998994,0.4732541365627492,0.30494550160094236,0.006797967639078032,0.13570206605807267,0.281463545059486,0.2205922781667553,0.003935673870349373
773,0.011814416621648016,0.01262996476780778,0.0003622610659922223,0.012842605213461072,0.4732541365627492,0.30494550160094236,0.0035186276917994197,0.13570206605807267,0.281463545059486,0.2205922781667553,0.0027699379054538543
774,0.011885431963498116,0.012681707640227104,0.0015306908522514757,0.01288786205728646,0.47119493590295436,0.36453373591917315,0.0056457810005729366,0.13570206605807267,0.281463545059486,0.2205922781667553,0.0033528058879016154
775,0.011978259160345037,0.012691638090489395,0.0012997690028284288,0.012894056068001002,0.47119493590295436,0.36453373591917315,0.006002078403139967,0.13570206605807267,0.28881610738136043,0.2285326446226068,0.003935673870349373
776,0.01202188287033867,0.012875612747980329,0.0008131776779793881,0.01306460946144428,0.5132994339975756,0.39017203908621867,0.007481645734770583,0.13324577604216914,0.2693093681789267,0.212620432855251,0.003935673870349373
777,0.011983331684762902,0.012800350388097678,0.0024527824417167653,0.01298987338398486,0.5132994339975756,0.39017203908621867,0.006917936319376022,0.13324577604216914,0.2704440091786251,0.21548395942445442,0.004518541852797129
778,0.011844851768155203,0.012748084860401392,0.0018603052094974119,0.012936694748131423,0.23486723170975266,0.18835708479187752,0.007020924364291754,0.13324577604216914,0.2995089907556676,0.23861392302790208,0.003935673870349373
779,0.012877617739632401,0.012668641258303037,0.0018938380117591608,0.012857878219223975,0.23486723170975266,0.18835708479187752,0.006384798050596181,0.13324577604216914,0.2711611377479659,0.217158284780113,0.003935673870349373
780,0.012688412578846054,0.013546179468323694,0.000693034315970514,0.013683728126876637,0.5611023561336959,0.32672827114819913,0.004525730857836037,0.13092680899749992,0.2711611377479659,0.217158284780113,0.004518541852797129
781,0.012776674503716893,0.01351220687532111,0.0015133385375316092,0.013647980257732045,0.5611023561336959,0.32672827114819913,0.0047925290210835345,0.13092680899749992,0.2711611377479659,0.217158284780113,0.004518541852797129
782,0.012875081477423462,0.013693045601150266,0.0024440642894034918,0.01381561237155875,0.5537797748586337,0.42200507656319985,0.005617898935686701,0.13092680899749992,0.3197146865426812,0.2524782603525211,0.006267145800140404
783,0.012153261252761356,0.013077357684887995,0.001953538037426543,0.01323037935717718,0.5537797748586337,0.42200507656319985,0.0030813680145499386,0.13092680899749992,0.3241260466481497,0.25661772987084563,0.0033528058879016154
784,0.011965070596858588,0.012863069021333221,0.002100381958748462,0.0130244262657572,0.6577812933612448,0.34527265789604655,0.003603602942065725,0.12873614731366,0.3244165767947522,0.25769028443594433,0.0033528058879016154
785,0.0118747796622206,0.012661846739702515,0.002264905419466669,0.012831182105753236,0.6577812933612448,0.34527265789604655,0.009416713420101638,0.12873614731366,0.3185164435963199,0.25355728557128177,0.003935673870349373
786,0.012016303093479019,0.012768468416202942,0.00291566324793053,0.012928734579861996,0.4960546001142856,0.19437264628299356,0.0014501224028790026,0.12873614731366,0.3185164435963199,0.25355728557128177,0.004518541852797129
787,0.011390353580314549,0.01222386161760763,0.0054803414108001115,0.012410255845784642,0.4960546001142856,0.19437264628299356,0.004313690473854912,0.12873614731366,0.3185164435963199,0.25355728557128177,0.0033528058879016154
788,0.0101800492542121,0.011039002104732801,0.0021584062177977866,0.01128834126381682,0.6078707830654273,0.3801914494749241,0.0023779760400888077,0.1266699615944502,0.3185164435963199,0.25355728557128177,0.0021870699230060985
789,0.010214035167811789,0.010869661794996828,0.002032950494191471,0.011125105081618371,0.6078707830654273,0.3801914494749241,0.0016517259150555727,0.1266699615944502,0.31023821809949625,0.24705130563800282,0.0027699379054538543
790,0.01029265929628869,0.011035343517794064,0.001987490789221687,0.01127858257410164,0.516840232631752,0.4342054183187617,0.005942874252279608,0.1266699615944502,0.3103197704213496,0.24540198848433503,0.004518541852797129
791,0.010318021918378013,0.011141442539017523,0.0017565817062644552,0.011375834583330396,0.516840232631752,0.4342054183187617,0.0035708449330955384,0.1266699615944502,0.3150127962906104,0.25018520060075633,0.0027699379054538543
792,0.010212513410486429,0.010964262400127111,0.003438714759248708,0.011205044493304936,0.25950318325795263,0.16877415929790796,0.003977552198979089,0.12463931102491815,0.3188794400723953,0.25454484722611803,0.0033528058879016154
793,0.010098888863526268,0.010953809294587852,0.0024267875655996363,0.011192000767422099,0.25950318325795263,0.16877415929790796,0.0026905614307794756,0.12463931102491815,0.3085861187532555,0.24491126810121622,0.0027699379054538543
794,0.010393095279762406,0.01074683780491056,0.0013095832234238617,0.010993345102564021,0.6051899333595963,0.342233356006437,0.0013373381169615173,0.12463931102491815,0.3085861187532555,0.24491126810121622,0.0021870699230060985
795,0.010432660970221747,0.011253813423564539,0.0008542949367940577,0.011468781188861271,0.6051899333595963,0.342233356006437,0.0010755602356839998,0.12463931102491815,0.3085861187532555,0.24491126810121622,0.0033528058879016154
796,0.01042403767871138,0.011155031576218558,0.004519328898579807,0.01137268262571256,0.4783622473945315,0.37935862766892847,0.004340262027206335,0.12243012000462988,0.3116995116057486,0.24965775488604303,0.0033528058879016154
797,0.010583314945432323,0.01128151415324357,0.0011680560311745326,0.011489241529145523,0.4783622473945315,0.37935862766892847,0.0036441033881837587,0.12243012000462988,0.3143953920278837,0.2526188659077697,0.003935673870349373
798,0.010881579381202749,0.01145033180770258,0.0023867915720391306,0.011645217645465795,0.5199086427832242,0.3523002140119781,0.005449010609054526,0.12243012000462988,0.32479774525558835,0.25851240721607294,0.0027699379054538543
799,0.010829839632140532,0.011624898670208179,0.0018616362815384597,0.011806690249501185,0.5199086427832242,0.3523002140119781,0.005708866597923655,0.12243012000462988,0.32093087986423297,0.2569113576410724,0.0033528058879016154
800,0.010612228334614147,0.011340574199540376,0.00041093741640799565,0.011535037783612926,0.4167635573845847,0.2877681371003865,0.00478808417889762,0.1203468461195843,0.3220475704887411,0.2589842402858,0.0010213339581105815
801,0.010544256507414768,0.011360957755341933,0.0007049860796909256,0.011550719915809162,0.4167635573845847,0.2877681371003865,0.004298851774466251,0.1203468461195843,0.3220475704887411,0.2589842402858,0.0021870699230060985
802,0.010311934889076575,0.011043706002225467,0.000928827579980939,0.01124817626717204,0.5384319495971888,0.3846176817028054,0.004243692525583074,0.1203468461195843,0.3220475704887411,0.2589842402858,0.0021870699230060985
803,0.010289108529196182,0.010975238160943333,0.0013179108226710776,0.011180282303774578,0.5384319495971888,0.3846176817028054,0.0,0.1203468461195843,0.32490677716415317,0.2630250760564128,0.0033528058879016154
804,0.010446356786149979,0.010917746080477415,0.0010888871451389742,0.01112277281920828,0.7169147576092372,0.44071204605405045,0.0019346388775451188,0.1183000544391905,0.32054971140339683,0.26089763006188726,0.003935673870349373
805,0.010489473243701829,0.01113830660735575,0.0012552795492606,0.011328060829399893,0.7169147576092372,0.44071204605405045,0.002900563687339347,0.1183000544391905,0.3168552582576989,0.258934923411944,0.003935673870349373
806,0.010075555251204096,0.010605198224853618,0.0012072835170889261,0.01082265498266292,0.30112231282489854,0.2553345388788427,0.005429076113172712,0.1183000544391905,0.3277478118548045,0.2664590694430551,0.003935673870349373
807,0.0106888234533239,0.010774015879312628,0.001357995005633596,0.010978670659003424,0.30112231282489854,0.2553345388788427,0.00600736652269716,0.1183000544391905,0.32221089674201786,0.2611242778225864,0.0010213339581105815
808,0.01089679695445634,0.011564270658080487,0.0006319820528056007,0.011719922003882298,0.5478333787289282,0.36282495811005855,0.004005978350784083,0.11635397999646957,0.32221089674201786,0.2611242778225864,0.0027699379054538543
809,0.010903898488641348,0.01166723374764217,0.0017093625807295613,0.011813351117674724,0.5478333787289282,0.36282495811005855,0.004426747950287826,0.11635397999646957,0.32221089674201786,0.2611242778225864,0.0033528058879016154
810,0.011290932101724403,0.011748767970848381,0.001931784651596701,0.011886875092811802,0.5857202436332347,0.40465849328931436,0.004591292375666307,0.11635397999646957,0.3237903081492155,0.26444162456078235,0.0033528058879016154
811,0.011414701697520298,0.011904519243383316,0.0031240465738761004,0.012030342545061561,0.5857202436332347,0.40465849328931436,0.0012652791001474678,0.11635397999646957,0.31444082198978585,0.2538885130857602,0.004518541852797129
812,0.010963754276772153,0.01167977747428928,0.002675670488586159,0.011815282674057397,0.5991822295326368,0.37383413242198515,0.004845451319497145,0.11439847618031151,0.3201140269882783,0.2572364642669518,0.004518541852797129
813,0.011060132240711576,0.01184964043930221,0.0013723992746290327,0.011972567392483195,0.5991822295326368,0.37383413242198515,0.004165345538690014,0.11439847618031151,0.3193423824646551,0.2568996405114683,0.006267145800140404
814,0.011289410344399047,0.011935355904724127,0.0022628728637250385,0.012050020401291838,0.2726616694845545,0.241976209831279,0.006662611966600441,0.11439847618031151,0.3211398576889821,0.2581747090479325,0.005684277817692644
815,0.0108273033699316,0.011678732163735356,0.0021956345759534092,0.011805091490737316,0.2726616694845545,0.241976209831279,0.006502949985290177,0.11439847618031151,0.3211398576889821,0.2581747090479325,0.003935673870349373
816,0.010313963898843717,0.011012869340884655,0.0015795939754152824,0.011174513247862748,0.5118825529533964,0.35904905685418986,0.004174795751117292,0.11232759636253481,0.3211398576889821,0.2581747090479325,0.006850013782588163
817,0.010375848696741664,0.01118273230589759,0.004064187594286691,0.011330791140565392,0.5118825529533964,0.35904905685418986,0.005812147142131619,0.11232759636253481,0.3042381389848796,0.24102975031671225,0.010930089659722472
818,0.010064395697484792,0.010558681905203926,0.007536750285927007,0.010740043084292744,0.6283898268925918,0.42679297244388403,0.005557396508556037,0.11232759636253481,0.3038206265545218,0.2412938229391317,0.023753185273573143
819,0.01206753559009945,0.009571908742298026,0.012700071458007877,0.009807795781060419,0.6283898268925918,0.42679297244388403,0.005260988814014041,0.11232759636253481,0.2976844791637696,0.2376020527012006,0.008598617729931434
820,0.012740659580350058,0.012645121770839703,0.003921194778165815,0.012696757340808253,0.5321492762697906,0.22771869867445294,0.006155709928453993,0.11055998001796358,0.3102200461147355,0.24572692022768305,0.005684277817692644
821,0.014219807700599319,0.01360733013572835,0.0034563526396512827,0.01359871472437894,0.5321492762697906,0.22771869867445294,0.0018329106825220806,0.11055998001796358,0.31272534230645244,0.248209902408552,0.0033528058879016154
822,0.01436893991848454,0.01519463421186459,0.0004175180255962896,0.015088537777971523,0.5728899663028837,0.35765217247042824,0.0063680479734795625,0.11055998001796358,0.31272534230645244,0.248209902408552,0.0027699379054538543
823,0.014347635315929499,0.015296029335595384,0.001351796550520691,0.015181013018338133,0.5728899663028837,0.35765217247042824,0.004646283580838455,0.11055998001796358,0.31272534230645244,0.248209902408552,0.0033528058879016154
824,0.014336983014651989,0.015193588901310662,0.0024321125256830806,0.015080991869997413,0.7185824383421777,0.3715513379896146,0.0032930417229477225,0.10861464674870058,0.3095120035377752,0.25036865237619876,0.0033528058879016154
825,0.014330388732908764,0.01515804834247719,0.004995173378909652,0.015044282448440482,0.7185824383421777,0.3715513379896146,0.0033403942995443615,0.10861464674870058,0.30635318072338014,0.2517852008805683,0.006850013782588163
826,0.014267489430127251,0.015023725936297732,0.008257090056518469,0.014914824735463062,0.7022784668523967,0.38790915274482807,0.003825533243292517,0.10861464674870058,0.3087131010370108,0.2519266808484739,0.005101409835244888
827,0.014552058049969441,0.015144981960553121,0.0020855742022413406,0.015025708531412423,0.7022784668523967,0.38790915274482807,0.0030754782640955852,0.10861464674870058,0.3080777463990938,0.253655744436462,0.0033528058879016154
828,0.014616986362518108,0.015520248449412456,0.003765687465949778,0.01537536376858591,0.5786494509958444,0.23947110838296537,0.00363437138232069,0.10695433585031722,0.31402330955942803,0.26062096589720674,0.0027699379054538543
829,0.014275098216754042,0.015221289630989693,0.0017225573950688212,0.01509119318397233,0.5786494509958444,0.23947110838296537,0.0031725138528263426,0.10695433585031722,0.31402330955942803,0.26062096589720674,0.0016042019405583408
830,0.014793002959817999,0.014963097924170037,0.004436976795081117,0.014845279967529778,0.5536930120174237,0.31183701909517725,0.0042914406453402575,0.10695433585031722,0.31402330955942803,0.26062096589720674,0.0033528058879016154
831,0.014774741871913692,0.015715198867719608,0.0013429062188987267,0.015549127099889284,0.5536930120174237,0.31183701909517725,0.007072065667014869,0.10695433585031722,0.30507316384559524,0.25581991576258223,0.0033528058879016154
832,0.015115108260352391,0.01575021677127612,0.002776807102693404,0.015578734708109793,0.6291902119412178,0.3269008079366923,0.0038366176282361476,0.10514690202053356,0.31219879796753003,0.2627860116359839,0.0033528058879016154
833,0.015132862095814912,0.01612548326013546,0.0013727856281997555,0.015927681400679666,0.6291902119412178,0.3269008079366923,0.00720541934433672,0.10514690202053356,0.3038115405621413,0.2595608279918378,0.005101409835244888
834,0.0155523598651723,0.016138549642059536,0.0017197353342044092,0.015936715359172984,0.4072664206898571,0.1572407385901754,0.0073198567291953495,0.10514690202053356,0.30663440326803193,0.2572364642669518,0.003935673870349373
835,0.015593447312957007,0.016470435742930962,0.0019273123570458614,0.016244861013834166,0.4072664206898571,0.1572407385901754,0.00799749958949146,0.10514690202053356,0.30195977099310234,0.25575905664165366,0.004518541852797129
836,0.014786915930516568,0.015493593030287352,0.0009161703010444244,0.015323326267512417,0.5257675605756933,0.3067770459711001,0.004651677038376049,0.10349840872117394,0.30195977099310234,0.25575905664165366,0.003935673870349373
837,0.014818365581907324,0.015623734194251105,0.0022324140920477386,0.015441702040963397,0.5257675605756933,0.3067770459711001,0.005573292411268922,0.10349840872117394,0.30195977099310234,0.25575905664165366,0.003935673870349373
838,0.014606334061240591,0.015352998760784341,0.0029395375468838298,0.015184029031415223,0.5674535637760119,0.31345289247971864,0.0035665543699480717,0.10349840872117394,0.30378428258500034,0.2548510665386059,0.005101409835244888
839,0.014900540477476725,0.015164320205800743,0.004322750521997774,0.015003354160535217,0.5674535637760119,0.31345289247971864,0.006299246404665768,0.10349840872117394,0.293508911641051,0.2428266683268847,0.006850013782588163
840,0.015233298079288634,0.015691156724979314,0.004605124252292706,0.01549497715479357,0.530265764811187,0.31343962041906537,0.0053289136496551676,0.1015028815382874,0.29324563947158966,0.24063748879877367,0.005684277817692644
841,0.014440462512776423,0.014808391962189024,0.0033342313153401203,0.014662506496609742,0.530265764811187,0.31343962041906537,0.007328669943163984,0.1015028815382874,0.2796481194599685,0.22982642558993116,0.008015749747483678
842,0.014068139220505173,0.014897243359272717,0.0031083824562804802,0.01474246688610371,0.3320822961178367,0.20499361282081063,0.022029794105899347,0.1015028815382874,0.2730581156693368,0.22264627349809119,0.009181485712379197
843,0.014782857910982269,0.014980868203586777,0.0063841567965720655,0.014817161740022091,0.3320822961178367,0.20499361282081063,0.029013060811311973,0.1015028815382874,0.2730581156693368,0.22264627349809119,0.013844429571961255
844,0.014799597241561224,0.015794119814541003,0.004764579426082279,0.01557419157046563,0.5728100407049863,0.3092025150554938,0.025072764419243204,0.09956829528416444,0.2730581156693368,0.22264627349809119,0.008598617729931434
845,0.015596998080049506,0.014437306715545387,0.009641075738773859,0.014293399402165553,0.5728100407049863,0.3092025150554938,0.028361781122518564,0.09956829528416444,0.24401130607705523,0.2001843611646057,0.008598617729931434
846,0.015570113700634828,0.01635911016893787,0.004470236462166347,0.016089617475943483,0.5242173164753898,0.3030542329578446,0.0293787202941666,0.09956829528416444,0.24567249141567626,0.20222034359520702,0.007432881765035919
847,0.015650766838878876,0.016008931133372744,0.004281889432398475,0.015753773542438853,0.5242173164753898,0.3030542329578446,0.031961497838693745,0.09956829528416444,0.23552432436505244,0.19523623482107055,0.007432881765035919
848,0.01565939013038924,0.01668995095925536,0.0026664443653172925,0.01638477891141577,0.2684735911605831,0.17752708329877065,0.03168838188190998,0.09785601989111914,0.2485953000377512,0.20497369416962608,0.006267145800140404
849,0.016740345083836154,0.015383312766848182,0.004241406297379231,0.015151775960936299,0.2684735911605831,0.17752708329877065,0.03329333658660924,0.09785601989111914,0.2485953000377512,0.20497369416962608,0.008015749747483678
850,0.016675924023729274,0.017737352134288956,0.0035208568879807004,0.01735032567398562,0.46938942848645704,0.28795726396469634,0.03376130046897499,0.09785601989111914,0.2485953000377512,0.20497369416962608,0.007432881765035919
851,0.015785695988394067,0.01630527667541069,0.004447979808815684,0.01600018842255396,0.46938942848645704,0.28795726396469634,0.03164161200978571,0.09785601989111914,0.2485953000377512,0.20497369416962608,0.0075531274596736635
852,0.015240399613473638,0.016150570713429683,0.0046390145155972805,0.015847035712260562,0.48816592677617976,0.3334240257477976,0.02785380582226323,0.09611916224505229,0.24488289651686257,0.20323850969303914,0.008497268392132867
853,0.013682120112305688,0.014402288811988875,0.00478498897340526,0.014201734106407172,0.48816592677617976,0.3334240257477976,0.029347371825903367,0.09611916224505229,0.21938516419219267,0.182168837192058,0.008497268392132867
854,0.014421186919988536,0.014773896713909478,0.004614027182400672,0.014542435389846734,0.5067018112744124,0.30992252434593626,0.028729304380275145,0.09611916224505229,0.187905635542452,0.15665365074279602,0.010857620723280885
855,0.014219807700599319,0.015206655283234737,0.0039315675316406624,0.014940121678400201,0.5067018112744124,0.30992252434593626,0.02702162927707136,0.09611916224505229,0.1556365119938976,0.13252440835490797,0.011329691189510493
856,0.014762567813310815,0.013852455460623938,0.003389454678981516,0.013665129518713817,0.5363514986129334,0.28991157489589725,0.035881046472142686,0.09414661143936176,0.18910387848881327,0.15585041527605892,0.008969338858362472
857,0.016068742850910905,0.0157209480757662,0.0041214687106417205,0.015406367796611784,0.5363514986129334,0.28991157489589725,0.02420715558730094,0.09414661143936176,0.18910387848881327,0.15585041527605892,0.012273832121969697
858,0.015561490409124457,0.01573035587075153,0.008222737512767534,0.015406777331137305,0.715663784167935,0.3904540703751016,0.02503699653520312,0.09414661143936176,0.18910387848881327,0.15585041527605892,0.024547664243939397
859,0.012903487614163506,0.013570744266340948,0.009446680763805853,0.013380171415870917,0.715663784167935,0.3904540703751016,0.019604654944637822,0.09414661143936176,0.2580083881438435,0.21049840821919918,0.012745902588199302
860,0.015406271161937806,0.012114626664722392,0.00998971716947884,0.012011786322412187,0.7085036152264677,0.4132289264561939,0.031020414821730586,0.09229548955186306,0.23271032604197206,0.18988273076974194,0.012745902588199302
861,0.01830826238139804,0.015800914333141517,0.011818639718325483,0.015452173664609579,0.7085036152264677,0.4132289264561939,0.04155527388917747,0.09229548955186306,0.2358418908792259,0.19426126470849514,0.015106254919347323
862,0.01973871426723581,0.019489815277945462,0.006131137538661419,0.018892380810743483,0.4274188981417151,0.3141330855882012,0.04796998066152065,0.09229548955186306,0.23071340220441683,0.19203518496625804,0.012273832121969697
863,0.019867556387449564,0.020877465038281886,0.004521638285053851,0.020179653975135197,0.4274188981417151,0.3141330855882012,0.04077242515109686,0.09229548955186306,0.21979359063017,0.18042106117320977,0.012273832121969697
864,0.02044430241376075,0.020482860304174923,0.00941543651852129,0.019800491106095972,0.7317224583137272,0.43176999518887804,0.03623309823792413,0.09046001465958747,0.21979359063017,0.18042106117320977,0.010857620723280885
865,0.02031089502157091,0.020100276641438094,0.014060204006766452,0.01943392964085498,0.7317224583137272,0.43176999518887804,0.037854635740733,0.09046001465958747,0.21979359063017,0.18042106117320977,0.01652246631803613
866,0.020227705621117937,0.021009696823353487,0.010209812383971346,0.020274392348341937,0.7133283627757769,0.46082917198931594,0.03437361504617058,0.09046001465958747,0.22593882401330267,0.1856089514672994,0.01746660725049534
867,0.016300557216807305,0.01725494131365223,0.002969454751642864,0.016760404661695243,0.7133283627757769,0.46082917198931594,0.026641045065624477,0.09046001465958747,0.22004777680725085,0.17728804062311343,0.012273832121969697
868,0.016716504219072188,0.016789255461878306,0.006642761719236488,0.016317514163862557,0.7095188264301766,0.42381339482721436,0.037225414513270244,0.08856479295134162,0.22351530175300915,0.1803906316127457,0.014634184453117718
869,0.017299844527126598,0.01777289269312243,0.009019718409163144,0.017228337100923526,0.7095188264301766,0.42381339482721436,0.03026839017466734,0.08856479295134162,0.22691013875972432,0.1855535137048443,0.019826959581643353
870,0.01571924591852004,0.016121302017919757,0.010438727210584394,0.015678774289133373,0.3878700437686897,0.2970818056638519,0.028311366753948245,0.08856479295134162,0.24235034234800423,0.19744972302104657,0.015106254919347323
871,0.011776879940955817,0.012669163913579997,0.002261134272656785,0.01245161746840083,0.3878700437686897,0.2970818056638519,0.023570000457433047,0.08856479295134162,0.24235034234800423,0.19744972302104657,0.005192775128525642
872,0.010357080356395567,0.011139874573186638,0.0016158776151005796,0.011018299145264386,0.42377499323569623,0.37403984936211154,0.02919306022673494,0.08681216478114195,0.24235034234800423,0.19744972302104657,0.005664845594755247
873,0.010512806856024008,0.010991440474529181,0.001796838068535666,0.010873500552382731,0.42377499323569623,0.37403984936211154,0.023488952910603985,0.08681216478114195,0.2599689680118773,0.20818103979556923,0.006608986527214457
874,0.010545271012298338,0.011358344478957116,0.002173314426233297,0.011208047011303079,0.5440663918647819,0.4145959487034856,0.02458087202433649,0.08681216478114195,0.26327316670435863,0.2099594202574131,0.006136916060984848
875,0.010921652324103876,0.011094403564090867,0.0033283520218725946,0.010955559974930574,0.5440663918647819,0.4145959487034856,0.031177696769946906,0.08681216478114195,0.2569280414888573,0.2039807111563161,0.008025197925903265
876,0.010729403648666817,0.011561657381695671,0.0018320254719589896,0.011384479206303724,0.2667731179006104,0.22199180450254663,0.030504772791938323,0.0847402555557848,0.25445908926666183,0.2023735406927165,0.0075531274596736635
877,0.010543749254972975,0.011009733409222882,0.001694920348296306,0.010862789549960696,0.2667731179006104,0.22199180450254663,0.016245369698554207,0.0847402555557848,0.2451277750919929,0.1922314031664929,0.006608986527214457
878,0.010915058042360651,0.010892135971906237,0.0027889392767333626,0.010745738013841762,0.5878181557959885,0.36845231182706506,0.022247236008163262,0.0847402555557848,0.2451277750919929,0.1922314031664929,0.008025197925903265
879,0.010129324010033455,0.010707116003861383,0.003926780106959964,0.01056820840599864,0.5878181557959885,0.36845231182706506,0.01932427470369628,0.0847402555557848,0.2451277750919929,0.1922314031664929,0.008025197925903265
880,0.008389955387147749,0.009075386229183295,0.0013381355921993634,0.009043399892918212,0.599331022271508,0.36750999552067953,0.02081548292062983,0.08258031139414607,0.2506921697914908,0.19505190863297117,0.006608986527214457
881,0.008528435303755449,0.00902050742510219,0.002416717175788833,0.008986558268345386,0.599331022271508,0.36750999552067953,0.015875981784191914,0.08258031139414607,0.24530949493960086,0.19067424910687492,0.007081056993444058
882,0.008708002668147845,0.008731479056941726,0.004616757190327365,0.008711725256579931,0.6756276839061974,0.2911425585214924,0.020081127166474633,0.08258031139414607,0.2431490232391984,0.19045302270464926,0.009441409324592077
883,0.008592856363862325,0.008860574910351558,0.0024963775707582767,0.008826487999894436,0.6756276839061974,0.2911425585214924,0.019557324289238138,0.08258031139414607,0.24506439475490027,0.1981553740352604,0.01038555025705128
884,0.009080325960419095,0.008461788934028887,0.005048758939370809,0.008449753871242038,0.6329645176006993,0.23037311080511635,0.016836133494161288,0.08019945636573911,0.24506439475490027,0.1981553740352604,0.009441409324592077
885,0.008040965707198675,0.008660920594551737,0.006411999786595757,0.008628795806416529,0.6329645176006993,0.23037311080511635,0.014985031862553209,0.08019945636573911,0.24506439475490027,0.1981553740352604,0.006608986527214457
886,0.005234845199236077,0.005703737037495812,0.005722525970749176,0.005875010714302204,0.5739335311874583,0.32008892280637724,0.0132209569156299,0.08019945636573911,0.24506439475490027,0.1981553740352604,0.00472070466229604
887,0.003991569464417508,0.004654245241354368,0.0015407864390342833,0.004894694653218141,0.5739335311874583,0.32008892280637724,0.013380268170979998,0.08019945636573911,0.23693132352659263,0.19413220140031928,0.0028324227973776234
888,0.0038221471488608383,0.004456681546662403,0.0015419287017651164,0.004706432859541882,0.6133308035015053,0.4077641554821906,0.014899740544816412,0.07775700158771709,0.23733066397218971,0.1962113798161773,0.00377656372983683
889,0.0036598263674891794,0.0042674803364018445,0.0015651141155038348,0.004525877840040594,0.6133308035015053,0.4077641554821906,0.02181918507121947,0.07775700158771709,0.2241870003604478,0.18318700328989013,0.0028324227973776234
890,0.0035203319459979066,0.004171834420717637,0.0009267656277719713,0.00443196071341494,0.2522549696354167,0.2014864707931715,0.021984508973182427,0.07775700158771709,0.1987528699824408,0.16410417122818588,0.0028324227973776234
891,0.0034736647213535546,0.0039193919219445705,0.0004679749620336562,0.004191364131296848,0.2522549696354167,0.2014864707931715,0.013500348190846813,0.07775700158771709,0.2026379073585569,0.16482136448947227,0.001888281864918415
892,0.003491418556816079,0.004121659514129204,0.0005983566936666916,0.004372772904569638,0.5132244459451758,0.2845961146042437,0.014962493753044943,0.07587429747564967,0.2026379073585569,0.16482136448947227,0.0014162113986888134
893,0.0035051143727443147,0.004095004095004098,0.0022456341033590017,0.004343210049420287,0.5132244459451758,0.2845961146042437,0.009125279605480142,0.07587429747564967,0.2026379073585569,0.16482136448947227,0.0028324227973776234
894,0.004041787456154369,0.0038875099500498347,0.0028352220827886,0.004145608034969519,0.6490365288477429,0.3698292881198467,0.01694613136854169,0.07587429747564967,0.19149116758437024,0.1589530062656912,0.00377656372983683
895,0.004111281040679111,0.004719054495697764,0.002449821629526519,0.004912674088965736,0.6490365288477429,0.3698292881198467,0.01413060786420859,0.07587429747564967,0.1983806767091998,0.16712072001236766,0.0033044932636072284
896,0.004064106563592972,0.004675151452432882,0.001494445008024184,0.004866551753266932,0.6965650935809873,0.38550690976657764,0.014284979390746726,0.07405998720322848,0.19799939744357853,0.1674216928489134,0.0028324227973776234
897,0.004222876577872129,0.004695012352957474,0.0012874602820046315,0.004879943475866035,0.6965650935809873,0.38550690976657764,0.013868649427897378,0.07405998720322848,0.21565436707697305,0.1836042730098193,0.004248634196066435
898,0.0042477319475196645,0.004873237802401811,0.0,0.005040125000838169,0.5581925069736815,0.2908472551719561,0.01488208468495036,0.07405998720322848,0.19745479192468007,0.1678998216897709,0.0014162113986888134
899,0.004153890245789171,0.004773933299778866,0.0003651461192866435,0.0049431982192739594,0.5581925069736815,0.2908472551719561,0.01670666537456984,0.07405998720322848,0.19745479192468007,0.1678998216897709,0.00236035233114802
900,0.004164542547066687,0.004773933299778866,0.0013577388364182255,0.004938052510155423,0.5107854041260882,0.34768153690462367,0.01371836117637593,0.07177667883714661,0.19745479192468007,0.1678998216897709,0.00377656372983683
901,0.004058019534291534,0.0047268943248522065,0.0013159244613781208,0.004889131378569115,0.5107854041260882,0.34768153690462367,0.012265780278710493,0.07177667883714661,0.21333987672524435,0.18448078425721426,0.004248634196066435
902,0.004039251193945437,0.004620272648351784,0.0009277189132127774,0.004785418251387875,0.4329898384419959,0.40512301541218043,0.01749991866290086,0.07177667883714661,0.21365744323941782,0.18364082345888266,0.005192775128525642
903,0.0044120817386584694,0.004524104077390612,0.0012784145690553112,0.004691671894207768,0.4329898384419959,0.40512301541218043,0.021635913773625306,0.07177667883714661,0.2317480972879309,0.20309160836666007,0.005664845594755247
904,0.0044399806229567275,0.005025330487998008,0.0011329860456407456,0.0051500545588824345,0.22451734216981256,0.2055145412014533,0.019069845951253602,0.06950872923216528,0.20841992265604392,0.18317441174762905,0.006136916060984848
905,0.004284761375770076,0.004924458019544175,0.0004955824443590201,0.005050595250677838,0.22451734216981256,0.2055145412014533,0.016343720505764266,0.06950872923216528,0.20701292349450373,0.18628329850839176,0.00472070466229604
906,0.00434816793099338,0.004923935364267211,0.0004136712878703946,0.005044147923749024,0.3728758400272776,0.36368432403736084,0.01918339873929682,0.06950872923216528,0.20701292349450373,0.18628329850839176,0.005192775128525642
907,0.004384182854360215,0.0049793368236252765,0.001859654119740837,0.005090022316966519,0.3728758400272776,0.36368432403736084,0.016926138135743184,0.06950872923216528,0.20701292349450373,0.18628329850839176,0.006608986527214457
908,0.003731348961781067,0.004372011391794418,0.0009208149428837694,0.004522692032577904,0.4063370022217927,0.3652139290276557,0.019432408683307364,0.06697782775482952,0.20110370430369096,0.17912728020588564,0.008497268392132867
909,0.0038262051683951304,0.004306156826897098,0.0009194081119468973,0.004456453057439951,0.4063370022217927,0.3652139290276557,0.016036695065502444,0.06697782775482952,0.20154869632076022,0.1782810236364234,0.008497268392132867
910,0.0038627273442037556,0.004493267416049804,0.0012956450984104933,0.004623533489822244,0.46842026300513484,0.332339034789389,0.016796306476619633,0.06697782775482952,0.2126681781178057,0.18720370527116925,0.01699453678426574
911,0.003931206423844924,0.004199012495119708,0.0026714249667833525,0.004346412217952844,0.46842026300513484,0.332339034789389,0.016879714720618822,0.06697782775482952,0.22906130285817605,0.19976167008620305,0.03540528496722027
912,0.0039327281811702836,0.004575846949809937,0.0005100749027564693,0.0046890330050372055,0.47789178219877826,0.30555269837583154,0.014657219939632916,0.06460088447522838,0.21442000177066034,0.18923898817164497,0.001888281864918415
913,0.004090483690565864,0.004389781671211155,0.0017137552528488692,0.004511781659990131,0.47789178219877826,0.30555269837583154,0.01798660466408204,0.06460088447522838,0.21442000177066034,0.18923898817164497,0.0028324227973776234
914,0.004079831389288351,0.0047441419489919825,0.0008711643095505206,0.004833756982468466,0.6840431412638537,0.41254541533254807,0.012784578508542116,0.06460088447522838,0.21442000177066034,0.18923898817164497,0.004248634196066435
915,0.003784103215726857,0.004425844885321592,0.001912899689059757,0.004534448726052048,0.6840431412638537,0.41254541533254807,0.01107745720189535,0.06460088447522838,0.22396007216050817,0.19435342780254494,0.006136916060984848
916,0.004673316746178487,0.004200057805673632,0.0027318093422103546,0.004321403447286862,0.5594187684117196,0.4217894055775835,0.019899971281114714,0.062331699581150535,0.24151509587771836,0.2132276250042846,0.00377656372983683
917,0.004717954961055693,0.005318540098374177,0.0021189773240871774,0.005348625944916408,0.5594187684117196,0.4217894055775835,0.011644084603038032,0.062331699581150535,0.23838353104046472,0.2086404562055666,0.00472070466229604
918,0.004649983133856311,0.00507498273930948,0.0024599719777284815,0.005118598610817596,0.4346470477247346,0.19752807870331968,0.012379418102224427,0.062331699581150535,0.23483445377285306,0.20746926789275633,0.00377656372983683
919,0.004321790804020485,0.004924458019544175,0.0016665445263046436,0.004975207303585121,0.4346470477247346,0.19752807870331968,0.014449874943554989,0.062331699581150535,0.23827472074147016,0.2098429484914981,0.00377656372983683
920,0.0038211326439772653,0.0044922221054958765,0.0009226879178027096,0.004572069856701087,0.503337965440134,0.289838578562304,0.014037060736360275,0.06053163630964298,0.23827472074147016,0.2098429484914981,0.00236035233114802
921,0.0037972917792133028,0.004254936609754737,0.0012720439346337144,0.004348293273706495,0.503337965440134,0.289838578562304,0.016021966130201123,0.06053163630964298,0.23827472074147016,0.2098429484914981,0.00377656372983683
922,0.003834828459905501,0.004447273751677073,0.0016668092624904953,0.004520588694307246,0.38904988634237125,0.3090963385702673,0.018352992256630726,0.06053163630964298,0.23818386081766607,0.20794197537514036,0.00377656372983683
923,0.0034543891285656707,0.004027581564275885,0.0018635720809075955,0.0041286818010393515,0.38904988634237125,0.3090963385702673,0.014249651122819364,0.06053163630964298,0.24809601367596978,0.21812713400408934,0.00236035233114802
924,0.0030977906619897994,0.003720260261421717,0.0010203303838122984,0.0038399800505240916,0.5161698549596301,0.26392156212153894,0.011032902391734791,0.05875496117836371,0.2466438061620979,0.21430647534051372,0.001888281864918415
925,0.0027553952637839503,0.0033585828097634114,0.0011404527483445026,0.0035018837752581605,0.5161698549596301,0.26392156212153894,0.014503107494820814,0.05875496117836371,0.2407800169331873,0.20987967382309303,0.001888281864918415
926,0.0028619182765591035,0.0032963868318048282,0.000991580638756101,0.0034401575146477785,0.4054810356563572,0.22893641023939482,0.01274968989935973,0.05875496117836371,0.22842594822025908,0.20032584113251128,0.0
927,0.002925832084224197,0.003462068554602061,0.0004568546983893659,0.003587374994514888,0.4054810356563572,0.22893641023939482,0.013210205564453951,0.05875496117836371,0.22842594822025908,0.20032584113251128,0.0009441409324592066
928,0.0027888739249418565,0.0034171202007832503,0.001103942335911172,0.0035413907902324994,0.4607825177000562,0.3538928612903761,0.016894982795394992,0.05689473932785366,0.22842594822025908,0.20032584113251128,0.001888281864918415
929,0.002557566811487239,0.003133318385392412,0.0007041293826428006,0.003275640701792079,0.4607825177000562,0.3538928612903761,0.015331138961807305,0.05689473932785366,0.23028680378167854,0.2029196988382902,0.00236035233114802
930,0.002623002376477692,0.0031045723451594565,0.0017027441760832619,0.003243818638964068,0.5324526798237563,0.38680425369543936,0.014451247561483641,0.05689473932785366,0.22995992966555456,0.20129451547395605,0.0014162113986888134
931,0.0026544520278684487,0.0031808800155960354,0.0017728085562348243,0.0033085636664949847,0.5324526798237563,0.38680425369543936,0.013835278272543185,0.05689473932785366,0.21117031903246142,0.18454793914927325,0.00236035233114802
932,0.002424159419297408,0.0030392404355390965,0.000933694795072983,0.003173438120043514,0.19822393929178805,0.19257428206446903,0.0184339750861752,0.054905100356327396,0.19326116322198583,0.16978820326386757,0.0028324227973776234
933,0.002408434593602026,0.0029911561500585125,0.0018882862789276836,0.0031242170718537195,0.19822393929178805,0.19257428206446903,0.01575131591568626,0.054905100356327396,0.19835341873205858,0.17162831725929695,0.00236035233114802
934,0.002330317717566914,0.0028787852655114965,0.0008935980136244622,0.0030153360085483256,0.4455370556573688,0.30465351626656934,0.011903504167477891,0.054905100356327396,0.19835341873205858,0.17162831725929695,0.001888281864918415
935,0.0025570595590454527,0.0029279148615460084,0.001467333066148226,0.003055167534689481,0.4455370556573688,0.30465351626656934,0.01290094663630242,0.054905100356327396,0.19835341873205858,0.17162831725929695,0.001888281864918415
936,0.00247082664394176,0.0030528294727401317,0.0012323251077652486,0.003165154368939112,0.4166578598594195,0.3150853559400767,0.01465342020463602,0.052809514756619436,0.19318858608772782,0.16849442229654343,0.001888281864918415
937,0.002514957606377176,0.0030878473762966444,0.001284079688260805,0.003192659517377478,0.4166578598594195,0.3150853559400767,0.013535198660415602,0.052809514756619436,0.21565436707697305,0.1840824018506768,0.0033044932636072284
938,0.0025012617904489436,0.0031202520034683406,0.0013524054773441133,0.0032172891205608026,0.3436133612211397,0.25666838097450106,0.01629034297904042,0.052809514756619436,0.19614773867932445,0.1739885319031207,0.001888281864918415
939,0.0024038693216259475,0.002984884286734959,0.0009289409663549555,0.003087962084308213,0.3436133612211397,0.25666838097450106,0.012828657061222732,0.052809514756619436,0.21517325269995236,0.1859581918825124,0.0009441409324592066
940,0.0023653181360501763,0.002956660901778964,0.00040061925637248906,0.0030565911346804135,0.5775381329142801,0.24230801134761182,0.013524004158091362,0.050234966397871894,0.22120967578409068,0.1909500388588985,0.001888281864918415
941,0.0023906807581394983,0.0029550929359480754,0.0007209357629692542,0.00305049842116863,0.5775381329142801,0.24230801134761182,0.010725748120255292,0.050234966397871894,0.22120967578409068,0.1909500388588985,0.0014162113986888134
942,0.002192345053401004,0.002803000250351878,0.0009541967312933096,0.002906521841209108,0.595292434971326,0.2832025482356454,0.008364325054818857,0.050234966397871894,0.22120967578409068,0.1909500388588985,0.0014162113986888134
943,0.002202490102236731,0.002738713651285446,0.0013312904148050305,0.00284261205065622,0.595292434971326,0.2832025482356454,0.014857865548171461,0.050234966397871894,0.20937306541770462,0.18131016396286603,0.0028324227973776234
944,0.0021243732262016188,0.0026388864933855373,0.0015756548487920405,0.002747097632529439,0.3903890740555289,0.22634835841199796,0.017145634424183123,0.04765667099553145,0.21319450084715785,0.18413696520047473,0.00236035233114802
945,0.0025996687641555126,0.0027277378904692236,0.001969458492217348,0.0028237275972822634,0.3903890740555289,0.22634835841199796,0.012149408513635458,0.04765667099553145,0.20507960160361116,0.17665584027208925,0.00236035233114802
946,0.0026331474253134188,0.003130705109007599,0.0016801676891679657,0.003187764607385544,0.267308284697911,0.12563000812913716,0.01458350121205548,0.04765667099553145,0.1887771151774742,0.16790611746090134,0.001888281864918415
947,0.0027315543990199913,0.003263459549356168,0.0017938312298765603,0.003303754555548419,0.267308284697911,0.12563000812913716,0.012581391159536211,0.04765667099553145,0.1877694564615311,0.16614574989979225,0.0014162113986888134
948,0.002233939753627491,0.0028024775950749176,0.0006776473650669343,0.002877007997619585,0.3072686735678746,0.16585430595417827,0.012227125384406158,0.045887448775134676,0.1877694564615311,0.16614574989979225,0.0009441409324592066
949,0.002187779781424922,0.0027622331387487757,0.0010098106480007625,0.002835060538423792,0.3072686735678746,0.16585430595417827,0.013463318966697054,0.045887448775134676,0.1877694564615311,0.16614574989979225,0.0009441409324592066
950,0.0022182149279321092,0.0027209433718687094,0.0016727725458646995,0.0027926293435746874,0.333354853007398,0.21319574630456062,0.013560269864456267,0.045887448775134676,0.1877694564615311,0.16614574989979225,0.0028324227973776234
951,0.00224814282199751,0.002807181492567583,0.0013829022124592324,0.0028667617405458527,0.333354853007398,0.21319574630456062,0.013024353808280237,0.045887448775134676,0.18846841304611095,0.1649691402285085,0.001888281864918415
952,0.0022029973546785174,0.0028097947689523957,0.001608377316434151,0.0028643010537059664,0.5170361019293215,0.2176783847902185,0.008122664433686796,0.043887474551500494,0.20035045337439894,0.1721305798894881,0.00377656372983683
953,0.0019514001435524432,0.0025599655465641455,0.0013917715466045275,0.0026310234553857774,0.5170361019293215,0.2176783847902185,0.01300069749787475,0.043887474551500494,0.201984380735879,0.1758284710160185,0.00236035233114802
954,0.0020127776890086005,0.0025834850340274718,0.0007321358170248894,0.002648051967809071,0.3663997004125057,0.2164673092556033,0.009568653802448923,0.043887474551500494,0.2001507831516005,0.17389724322172784,0.0009441409324592066
955,0.0018276305477565521,0.0024099634820758005,0.0012560270594300425,0.002484774618143313,0.3663997004125057,0.2164673092556033,0.010400180922741632,0.043887474551500494,0.2001507831516005,0.17389724322172784,0.0009441409324592066
956,0.002313071134546176,0.002363447162426105,0.00320950630392191,0.0024378873089719727,0.4729005221198159,0.2765565638634968,0.010484172190094773,0.04183281819719192,0.2001507831516005,0.17389724322172784,0.0028324227973776234
957,0.0023358974944265656,0.002942026554024004,0.0023103355599893016,0.00296215639451973,0.4729005221198159,0.2765565638634968,0.01728540358598132,0.04183281819719192,0.19199034314136654,0.16307988424175468,0.0028324227973776234
958,0.0021679969361952517,0.0027533479990404057,0.001540030529874173,0.002785227439183153,0.3809854880530048,0.24571229490518776,0.013570084076002773,0.04183281819719192,0.17985422744078283,0.1491358004828156,0.0028324227973776234
959,0.0021903160436338547,0.002743940204055075,0.001607050275908624,0.0027716673583091204,0.3809854880530048,0.24571229490518776,0.013570084076002773,0.04183281819719192,0.1696062252787598,0.14248921499428824,0.0033044932636072284
960,0.002116764439574821,0.0027235566482535223,0.002802969958623891,0.0027478640608038854,0.20401710620834335,0.058042039252119426,0.013314811723101366,0.03852043166106894,0.17297380430833376,0.1404836621241512,0.0028324227973776234
961,0.0021127064200405325,0.0025996873476133234,0.0019237384185368594,0.0026298431655625773,0.20401710620834335,0.058042039252119426,0.00915615505057913,0.03852043166106894,0.17528840546484759,0.1390671136197814,0.0009441409324592066
962,0.0023764776897694795,0.0024716368047574197,0.002696029641965131,0.002508736573167275,0.2878713643175008,0.23309388323904645,0.016249545063053945,0.03852043166106894,0.17528840546484759,0.1390671136197814,0.001888281864918415
963,0.002484522459869992,0.00299795066865903,0.0019089098325328813,0.002984284264888948,0.2878713643175008,0.23309388323904645,0.015457053215953986,0.03852043166106894,0.17528840546484759,0.1390671136197814,0.00236035233114802
964,0.002158866392243098,0.0027596198623639594,0.002205108637426792,0.002761653766739043,0.42042026271107735,0.212352970453075,0.016092344472846635,0.03669739201236544,0.14567881836890706,0.1195313358017418,0.0014162113986888134
965,0.0020837930308587015,0.0026409771144933897,0.0017427193401469115,0.0026484022604332767,0.42042026271107735,0.212352970453075,0.00985466458097204,0.03669739201236544,0.14539748501946992,0.11999949633830953,0.0028324227973776234
966,0.002094445332136218,0.002594460794843694,0.0017552922932171204,0.002600602547478556,0.32296149645700734,0.1987723343895682,0.013967885025201795,0.03669739201236544,0.13632035702188205,0.1167528021428006,0.0033044932636072284
967,0.0020782132539990533,0.0026127537295373947,0.002404143886758997,0.0026123091297246166,0.32296149645700734,0.1987723343895682,0.0105871074704323,0.03669739201236544,0.15674389501645503,0.12658872035653634,0.00377656372983683
968,0.0018748050248426906,0.002267278591464937,0.002633020413974599,0.002293200143947915,0.5007855268450538,0.3798928281102245,0.014060512477540168,0.03482963489836638,0.1551372256321164,0.12057346080637621,0.0028324227973776234
969,0.001841833616126571,0.001894102723713445,0.004488042322382279,0.0019485891380081714,0.5007855268450538,0.3798928281102245,0.013774569757675898,0.03482963489836638,0.1551372256321164,0.12057346080637621,0.0033044932636072284
970,0.002547929015093299,0.002436096245923943,0.0026180534126044137,0.0024375158204758343,0.7137928151809527,0.32395109245649256,0.010473929744290358,0.03482963489836638,0.1551372256321164,0.12057346080637621,0.0033044932636072284
971,0.002557566811487239,0.0029958600475511778,0.003022376791841257,0.0029422158639918067,0.7137928151809527,0.32395109245649256,0.016002516219617343,0.03482963489836638,0.14915542930704562,0.11494416700302401,0.00472070466229604
972,0.0030927181375719377,0.0031181613823604917,0.0019503000585442576,0.003049046500826179,0.6831568883860728,0.45455480531546033,0.009978882721575776,0.0324126270757335,0.14284675886585085,0.11095247322373547,0.0028324227973776234
973,0.003281923298358278,0.0036998767056201677,0.0019478015268003725,0.0035733225987060503,0.6831568883860728,0.45455480531546033,0.011689682214278251,0.0324126270757335,0.13549430734876156,0.10788660756569812,0.00472070466229604
974,0.003376272252530555,0.0038347217670765855,0.001351426994931304,0.0036912328978501684,0.3940442609261867,0.33536506461834525,0.01432134327287407,0.0324126270757335,0.09363059745607716,0.07667479753849338,0.00236035233114802
975,0.0030805440789690615,0.0036152065507521827,0.001029691058911665,0.003486983616221871,0.3940442609261867,0.33536506461834525,0.010465982939989963,0.0324126270757335,0.10799067599894108,0.08773034652623823,0.0028324227973776234
976,0.003006992474910028,0.0035639863336098185,0.0005618756777006986,0.0034359112033212486,0.4733938291254072,0.28620203394329513,0.01387475860348255,0.03034899428732324,0.10799067599894108,0.08773034652623823,0.001888281864918415
977,0.002901483967018448,0.0035446480883621935,0.0013846576015088222,0.0034133766301501466,0.4733938291254072,0.28620203394329513,0.012686775213360167,0.03034899428732324,0.10799067599894108,0.08773034652623823,0.00236035233114802
978,0.002676771135307055,0.0031469074225934507,0.0017757146070059152,0.0030471099164985777,0.6805625693849076,0.3367420409111269,0.00833308765981627,0.03034899428732324,0.11130373907423263,0.09286262417534141,0.00377656372983683
979,0.0025666973554393964,0.0031683362889489246,0.0016474492530413754,0.0030614263728724056,0.6805625693849076,0.3367420409111269,0.010392858116931334,0.03034899428732324,0.09142491740334302,0.07385341765935816,0.0033044932636072284
980,0.003292575599635795,0.002948298417347558,0.0023824113304260113,0.0028576245534211175,0.6273371259285478,0.3362509746669542,0.010710009555396988,0.02838513168161183,0.08368210062825199,0.06908891797379701,0.0033044932636072284
981,0.0032514881518510945,0.003837335043461402,0.0023883033903593512,0.0036607458416265774,0.6273371259285478,0.3362509746669542,0.009612980445190999,0.02838513168161183,0.10567596403764212,0.08600128293825038,0.0033044932636072284
982,0.003708015349458891,0.0038922138475425035,0.0025745721738763593,0.0037062924340181234,0.4585582103532786,0.33722978914013635,0.016652966969240072,0.02838513168161183,0.08051419182147668,0.06552621104404155,0.004248634196066435
983,0.003400113117294521,0.003806498382120594,0.002749749586276974,0.003624051731314578,0.4585582103532786,0.33722978914013635,0.011242777325073335,0.02838513168161183,0.08051419182147668,0.06552621104404155,0.004248634196066435
984,0.002442420507201719,0.002950911693732374,0.0011421493444594168,0.002842237020169138,0.28351881568256365,0.2957745076895002,0.019484629676241465,0.026482210004664053,0.08051419182147668,0.06552621104404155,0.004248634196066435
985,0.002589523715319786,0.0030334912274925067,0.0020257777561610906,0.0029124665480966573,0.28351881568256365,0.2957745076895002,0.011427937788802137,0.026482210004664053,0.08055951097859348,0.06744589659125966,0.007081056993444058
986,0.0023445207859369363,0.0027172847849299686,0.002296267250620581,0.0026199355502369466,0.4403424697498428,0.3157323688969259,0.012384979796560818,0.026482210004664053,0.08871984018404233,0.07106334175334417,0.004248634196066435
987,0.001724658302073901,0.002255780175371754,0.0018720973923951336,0.0021963394265894706,0.4403424697498428,0.3157323688969259,0.011893257133449284,0.026482210004664053,0.06036290118396015,0.04801399899687375,0.00472070466229604
988,0.001797195401249365,0.0018737191679118956,0.0019131429238294993,0.0018454671899874285,0.19823390996350687,0.2166796622260564,0.017982544104980968,0.024696146676250863,0.03240541343426018,0.028085085248238606,0.0033044932636072284
989,0.0016374108820866352,0.002242191138170719,0.0019299116766777608,0.0021748152834366145,0.19823390996350687,0.2166796622260564,0.011788320622660053,0.024696146676250863,0.03240541343426018,0.028085085248238606,0.00236035233114802
990,0.0008577638790608737,0.0014388699774787878,0.001402534853145432,0.0014413958443881617,0.34238398859164576,0.26306219619423665,0.012377063198069683,0.024696146676250863,0.03240541343426018,0.028085085248238606,0.00236035233114802
991,0.0005072524417864405,0.001041651966987002,0.0016180151582255583,0.0010766469408331862,0.34238398859164576,0.26306219619423665,0.017993748548457627,0.024696146676250863,0.03240541343426018,0.028085085248238606,0.0033044932636072284
992,0.00041493249738130955,0.0008007078843071183,0.001925955752073183,0.0008532778394423589,0.41685326016422075,0.36603679678816137,0.01403427586455476,0.022456032252245378,0.0,0.0,0.0033044932636072284
993,0.0005341368212011255,0.0009052389396996922,0.002377623905745312,0.0009422702217337028,0.41685326016422075,0.36603679678816137,0.013500153995213773,0.022456032252245378,0.02067772417165381,0.022793314730495506,0.00377656372983683
994,0.00011666806161088339,0.0006115066740465594,0.0011256537267876753,0.0006714467374867861,0.47265263793848944,0.32163511787248866,0.012309129950684207,0.022456032252245378,0.02099540149061241,0.03171503451131863,0.0014162113986888134
995,0.00025007545380071813,0.0004766616125901381,0.0008045015206194544,0.0005442374629156532,0.47265263793848944,0.32163511787248866,0.01588588241360284,0.022456032252245378,0.02211187050555008,0.032849497492534185,0.001888281864918415
996,0.00030029344553757567,0.0006423433353873707,0.0003595733889784965,0.0006898339912805584,0.3242177541431571,0.3620916767589628,0.01745762755160102,0.02076628029706068,0.04626620561534267,0.04878042169075014,0.00236035233114802
997,0.0005924708520065637,0.0006371167826177415,0.0008707779559797974,0.0006799434067944095,0.3242177541431571,0.3620916767589628,0.016656932915525963,0.02076628029706068,0.04626620561534267,0.04878042169075014,0.0014162113986888134
998,0.0008187054410433159,0.001161340025411503,0.0006429847305805404,0.0011481695072894892,0.29513904290165094,0.2569537302785474,0.01745296820993413,0.02076628029706068,0.04626620561534267,0.04878042169075014,0.0009441409324592066
999,0.0008450825680162144,0.0013202272296082146,0.0017121974080597884,0.0012861881999184643,0.29513904290165094,0.2569537302785474,0.014077665553681638,0.02076628029706068,0.07839915008297615,0.06772798211441367,0.0028324227973776234
1000,0.0,0.0002937322656531363,0.0007315268902014671,0.0003532757126559205,0.5762077801286007,0.3595898933258125,0.012785719503354762,0.018984252246362937,0.07574869962274278,0.06057196381190755,0.00236035233114802
1001,4.717447708613848e-05,0.0005289271402864268,0.0004982575228867441,0.0005606628182055554,0.5762077801286007,0.3595898933258125,0.014758954905154272,0.018984252246362937,0.06712542802503418,0.044175414873829144,0.0022397547043861467
1002,0.00015826276183737026,0.00045627805678858865,0.0009718766066492241,0.0004897893955759791,0.12925819970471752,0.14931731838014506,0.01556876041624242,0.018984252246362937,0.10012076613530962,0.07064694644607217,0.0022397547043861467
1003,0.00027391631856468063,0.0002320589429715171,0.0003939252608101784,0.0002825987069753552,0.12925819970471752,0.14931731838014506,0.015412859440537472,0.018984252246362937,0.10090138584652797,0.07217996671635651,0.0017717041590486083
1004,0.0003028297077465082,0.0007280588008092802,7.434786539218781e-05,0.0007251856589877981,0.34040908731093855,0.32848018315443706,0.014081421397534735,0.016611056010354702,0.10090138584652797,0.07217996671635651,0.0013036536137110682
1005,0.00047833905260461634,0.0007913000893217913,0.0024193836873460757,0.0007767530098279525,0.34040908731093855,0.32848018315443706,0.01052207398073611,0.016611056010354702,0.10090138584652797,0.07217996671635651,0.0027078052497236903
1006,0.001042403767871139,0.000834157822032746,0.0012906686964397668,0.0008103978335313906,0.4344223264445326,0.3409658742140451,0.012491600759156504,0.016611056010354702,0.05834780536164397,0.036662985972322204,0.003175855795061232
1007,0.0011103755950705209,0.00160141576861424,0.0007941413656306088,0.0014982046159825353,0.4344223264445326,0.3409658742140451,0.01435067254014084,0.016611056010354702,0.0488984840908151,0.0254544147695992,0.003175855795061232
1008,0.0011575500721566594,0.001454026980510708,0.0012444364523083505,0.0013605500163470577,0.32273418136997734,0.28856446073958564,0.015436180810576943,0.014910886450455657,0.06767003354393264,0.045401253977703115,0.003175855795061232
1009,0.0013883499331694901,0.0014320754588782701,0.0012828786325952961,0.0013358725106177825,0.32273418136997734,0.28856446073958564,0.015502940237273322,0.014910886450455657,0.043570214388422235,0.0201500527095948,0.003175855795061232
1010,0.00154864170477401,0.002019539990184536,0.0011049208183239814,0.0018603702586275361,0.2607688158259015,0.2564493919737213,0.0166457473984741,0.014910886450455657,0.07063827212790952,0.038800312829872174,0.003175855795061232
1011,0.000993707533459641,0.0012104696214460114,0.0011646628389447038,0.0011260285343574622,0.2607688158259015,0.2564493919737213,0.013889591567590974,0.014910886450455657,0.07063827212790952,0.038800312829872174,0.003175855795061232
1012,0.0017987171585747246,0.0009491419829645749,0.0026470510958651276,0.0008851892557675163,0.5997694909570424,0.28739651940209365,0.009577702736435417,0.013153028889747287,0.07063827212790952,0.038800312829872174,0.005048057976411394
1013,0.0024312609534824156,0.00240055568709047,0.0016724070217908327,0.0021870178690231792,0.5997694909570424,0.28739651940209365,0.011956614391907358,0.013153028889747287,0.03622684886371341,0.019922617977504498,0.005984159067086478
1014,0.002552494287069374,0.002921642998222451,0.003914181620958124,0.0026518323655844826,0.46994520721799127,0.2724488610912952,0.010359668050183075,0.013153028889747287,0.02745831219270367,0.009541416030852012,0.007388310703099105
1015,0.0006482686206030729,0.0008268406481552644,0.0007687512168415686,0.0007612517901929294,0.46994520721799127,0.2724488610912952,0.015609088612777242,0.013153028889747287,0.04742799378739715,0.031861848396432135,0.005984159067086478
1016,0.0006670369609491737,0.0011937446525831993,0.0010872451424634008,0.0010875292017883467,0.46068177020635925,0.22930139190736099,0.008961964005760603,0.011539988387458983,0.046520280987638385,0.029360153784702803,0.007388310703099105
1017,0.0008121111593000947,0.0009392115327022804,0.0007057503878417038,0.0008532883376916808,0.46068177020635925,0.22930139190736099,0.007959436063947358,0.011539988387458983,0.046520280987638385,0.029360153784702803,0.006452209612424022
1018,0.0007918210616286378,0.0012130828978308278,0.0038567325247897367,0.0010951230901885996,0.5117137453719818,0.2039982082718118,0.006388623100164168,0.011539988387458983,0.046520280987638385,0.029360153784702803,0.010196613975124353
1019,0.002805613255520808,0.0,0.005242524325998351,0.0,0.5117137453719818,0.2039982082718118,0.010616530222766981,0.011539988387458983,0.046520280987638385,0.029360153784702803,0.009728563429786813
1020,0.002960832502707459,0.0034484795174010256,0.0006480451224579458,0.0030968784686395065,0.3372396291335976,0.22564162118220876,0.01479601685959248,0.00813479046388113,0.08419944817000902,0.0643675268322268,0.003175855795061232
1021,0.003055688709321526,0.0035561465044553764,0.006104974346771306,0.003189231150512069,0.3372396291335976,0.22564162118220876,0.020966792413356635,0.00813479046388113,0.05555208982810966,0.04398470547333355,0.003175855795061232
1022,0.003714609631202112,0.003729668056407051,0.0036574664711939778,0.003340178916926506,0.3059484328070716,0.1862999153906133,0.01971423951770947,0.00813479046388113,0.09948541149739243,0.07664978933650257,0.003643906340398774
1023,0.0038404082367651526,0.004395530879257748,0.0005012517630598478,0.003932570126785315,0.3059484328070716,0.1862999153906133,0.019600348131529676,0.00813479046388113,0.08586063350863005,0.06611539029234059,0.004111956885736314
1024,0.0037212039129453367,0.004372534047071382,0.0003142020413905392,0.003905979160913821,0.25716052687783064,0.18166464820744233,0.0175621419457646,0.004114500922822728,0.08437197122045159,0.06144856250056829,0.003643906340398774
1025,0.004042294708596156,0.004352673146546793,0.0001580690043697442,0.003882076052159813,0.25716052687783064,0.18166464820744233,0.020793892067020644,0.004114500922822728,0.08437197122045159,0.06144856250056829,0.003175855795061232
1026,0.004462806982837117,0.004646405412199926,0.0011959742761546083,0.004140476830257173,0.3610935177514726,0.18000232261061433,0.014625325552028886,0.004114500922822728,0.08437197122045159,0.06144856250056829,0.005516108521748938
1027,0.004251789967053953,0.004898325255696029,0.0024797264037793657,0.004360437695253551,0.3610935177514726,0.18000232261061433,0.011350296241378583,0.004114500922822728,0.10348834516488359,0.07645986690739814,0.005516108521748938
1028,0.0028867736462066425,0.003385760884165482,0.00023216909953722932,0.002998182897170066,0.31965939755917383,0.21032566318828083,0.017023878248210365,0.0014886057139614772,0.1463051978192289,0.11159621582183243,0.004111956885736314
1029,0.0030044562127010954,0.003534717638099899,0.0002523308766355062,0.0031270774024352646,0.31965939755917383,0.21032566318828083,0.01956053152199225,0.0014886057139614772,0.170314157050935,0.13417372550857576,0.0027078052497236903
1030,0.0030217027957218333,0.003593777684396702,0.00041841671759775424,0.0031747557780572866,0.13817803261731987,0.057869502463626266,0.013781266270883996,0.0014886057139614772,0.1666379866947829,0.13330333514977988,0.004111956885736314
1031,0.0029821371052624925,0.003432799859092138,0.0004669754821441769,0.0030243429862293614,0.13817803261731987,0.057869502463626266,0.011758576694631935,0.0014886057139614772,0.19503115885960143,0.15802438002393782,0.003643906340398774
1032,0.0030998196717569454,0.0036120706190904024,6.646121315503645e-05,0.0031801209878125243,0.05563374251404207,0.0,0.011156358122418636,0.0,0.19503115885960143,0.15802438002393782,0.003175855795061232
1033,0.003109457468150889,0.003658586938740098,0.0003260866131856077,0.0032169393045633453,0.05563374251404207,0.0,0.012874804081912942,0.0,0.19503115885960143,0.15802438002393782,0.0013036536137110682
